	mgm4472160.3..Tongue.dorsum	mgm4472167.3..Tongue.dorsum	mgm4472253.3..Tongue.dorsum	mgm4472255.3..Tongue.dorsum	mgm4472304.3..Tongue.dorsum	mgm4472305.3..Tongue.dorsum	mgm4472312.3..Supragingival.plaque	mgm4472337.3..Stool	mgm4472353.3..Tongue.dorsum	mgm4472361.3..Stool	mgm4472397.3..Supragingival.plaque	mgm4472419.3..Supragingival.plaque	mgm4472428.3..Supragingival.plaque	mgm4472444.3..Supragingival.plaque	mgm4472462.3..Supragingival.plaque	mgm4472464.3..Stool	mgm4472467.3..Stool	mgm4472473.3..Stool	mgm4472484.3..Tongue.dorsum	mgm4472495.3..Tongue.dorsum	mgm4472580.3..Stool	mgm4472586.3..Stool	mgm4472682.3..Stool	mgm4472751.3..Supragingival.plaque	mgm4472934.3..Stool	mgm4473326.3..Stool	mgm4473472.3..Supragingival.plaque	mgm4473666.3..Supragingival.plaque	mgm4478487.3..Tongue.dorsum	mgm4478571.3..Supragingival.plaque
Multidrug_Resistance_Efflux_Pumps	0.569169036122747	0.564673135348419	0.575327990620627	0.511222922818822	0.533187465616037	0.566620106462183	0.324702546401958	0.108304167685077	0.542100500048545	0.102819021517671	0.309848136743686	0.347643934386697	0.340626235153446	0.484847162809243	0.300240355204045	0.114321609561524	0.0681727508208824	0.104667314382405	0.52185363670434	0.51061476094787	0.108735812617283	0.100217779351	0.128725954950927	0.426846188488009	0.0959348869876653	0.12477114553049	0.343914189621683	0.32919509683185	0.505338738623802	0.342056319315464
Anaerobic_Oxidative_Degradation_of_L-Ornithine	0.382457537071643	0.370380723714991	0.344307251096888	0.365150397383311	0.375323030247171	0.376724828710267	0.297683454839163	0.108304167685077	0.361538826555795	0.102819021517671	0.337395777950321	0.350053266465374	0.308952407470213	0.305369535774163	0.249928948504052	0.114321609561524	0.0681727508208824	0.104667314382405	0.394072141646166	0.378100734640028	0.108735812617283	0.100217779351	0.128725954950927	0.317404734225206	0.0959348869876653	0.12477114553049	0.237134619671498	0.314730691851886	0.347050340146959	0.243268882972399
Conserved_gene_cluster_associated_with_Met-tRNA_formyltransferase	0.727489783564391	0.733818664399411	0.724395856794711	0.710755611906063	0.716043842694945	0.734473693079136	0.624917521550507	0.108304167685077	0.714759166360865	0.102819021517671	0.629943502112499	0.627628860626577	0.706683703879246	0.649775684217963	0.634955999177618	0.114321609561524	0.0681727508208824	0.104667314382405	0.72561311741154	0.71014492886166	0.108735812617283	0.100217779351	0.128725954950927	0.68820698069038	0.0959348869876653	0.12477114553049	0.642982431661671	0.617069861809371	0.656672785051343	0.638461607081038
Purine_Utilization	0.531410594772744	0.530996983504238	0.524762778818391	0.493150234568	0.524630933555684	0.543821384084984	0.402329835350626	0.108304167685077	0.564719530184622	0.102819021517671	0.365920519007	0.484641966642321	0.455467588202916	0.433077504034969	0.473804488927442	0.114321609561524	0.0681727508208824	0.104667314382405	0.557164477957499	0.509882265082604	0.108735812617283	0.100217779351	0.128725954950927	0.437311592433764	0.0959348869876653	0.12477114553049	0.459245275855681	0.428073766590432	0.472964503931657	0.461631482749469
Streptococcus_pyogenes_virulence_regulators	0.405597377187219	0.408448065215427	0.411265678805789	0.405079284903483	0.388148189522899	0.396596191570085	0.045854208389371	0.379922423425087	0.391242575247775	0.353707432472241	0.0539919735537788	0.0531914972926766	0.0460914230103878	0.0483411337244649	0.0423540706153011	0.114321609561524	0.337200582252034	0.387593249434363	0.409295275341631	0.392074399200241	0.355010345741781	0.371147715489535	0.379266484326544	0.047350085573984	0.315203867399548	0.3721747211255	0.045854208389371	0.047229037265835	0.370492295224772	0.0447954884879519
Glutathione:_Redox_cycle	0.435831695328666	0.449018962514291	0.44443239168634	0.431035335136023	0.442192560340803	0.449882210365211	0.353574516179257	0.108304167685077	0.396515282701602	0.102819021517671	0.370002400541999	0.394821463311209	0.41373488654444	0.380963744292947	0.409657115209467	0.114321609561524	0.296645706306421	0.104667314382405	0.456381439671767	0.439792458538549	0.108735812617283	0.100217779351	0.128725954950927	0.38120620162241	0.0959348869876653	0.12477114553049	0.3648289942117	0.360022085129334	0.392555175678328	0.362121299118664
DNA_repair,_bacterial	0.668058187587819	0.679896548584934	0.67576600058302	0.650164071110827	0.680137038153581	0.693138226083473	0.58012145624066	0.108304167685077	0.673779504758038	0.102819021517671	0.551922500219795	0.606274305019337	0.672514626849176	0.600969047568484	0.548535487848971	0.114321609561524	0.0681727508208824	0.104667314382405	0.685351175916376	0.670366898393654	0.108735812617283	0.100217779351	0.128725954950927	0.652638439242401	0.0959348869876653	0.12477114553049	0.614838333522881	0.561160875514998	0.620120956152893	0.611316116787663
LOS_core_oligosaccharide_biosynthesis	0.606653733878342	0.603972856650568	0.60245218529719	0.582907172434548	0.599461409714716	0.612199870020325	0.525604603143055	0.108304167685077	0.607508121103923	0.102819021517671	0.505160437296673	0.567498526293554	0.602591098448502	0.534450942636589	0.533940130787373	0.114321609561524	0.0681727508208824	0.104667314382405	0.603818825848243	0.602510294135556	0.108735812617283	0.100217779351	0.128725954950927	0.53893559647939	0.0959348869876653	0.12477114553049	0.527620743273388	0.511813002177885	0.535386548401687	0.524471596561594
CBSS-269799.3.peg.2220	0.301626967614707	0.241194949132655	0.294270766596988	0.24220333769398	0.282625078008293	0.286686605211565	0.36436681499905	0.108304167685077	0.30219561609169	0.102819021517671	0.357468674095844	0.377216414126148	0.381620680508584	0.253978953330674	0.345542990800117	0.114321609561524	0.0681727508208824	0.104667314382405	0.259249586193383	0.281861988731262	0.108735812617283	0.100217779351	0.128725954950927	0.309805845345907	0.0959348869876653	0.12477114553049	0.357233597538143	0.336677515765502	0.279472509935076	0.358286860994325
Glycerol_and_Glycerol-3-phosphate_Uptake_and_Utilization	0.586310353235144	0.596993712401347	0.590116880006527	0.559519424878589	0.5954151511926	0.612897205859192	0.484766493642863	0.108304167685077	0.557881603078587	0.102819021517671	0.524349320517998	0.573811765705917	0.577420467566769	0.478666892659964	0.539833950881788	0.114321609561524	0.419074732226559	0.104667314382405	0.596684156322242	0.586830114148419	0.431643485312102	0.100217779351	0.128725954950927	0.556170999549129	0.0959348869876653	0.12477114553049	0.498757287517894	0.494663693186662	0.525752174701824	0.497928915203698
Streptococcus_pyogenes_Virulome	0.476600178825529	0.462556601041038	0.447584173030374	0.435318660889323	0.463292610665742	0.470123467450174	0.402546585634177	0.299695571074729	0.434075130255047	0.291968110051755	0.415778583550421	0.434150541050925	0.461345640265121	0.43399656325836	0.404817685897704	0.289690775270925	0.286413253044223	0.104667314382405	0.472623812898441	0.463385057248602	0.108735812617283	0.213491739236894	0.128725954950927	0.428122172590505	0.360185973569902	0.12477114553049	0.412035376940784	0.387652701665952	0.424223257550694	0.411612250841673
Dipeptidases_(EC_3.4.13.-)	0.361396235331298	0.459582855042631	0.455407089651058	0.350248508734257	0.460022963293471	0.365321924701245	0.045854208389371	0.53024926578574	0.348818905157391	0.515887458147677	0.0539919735537788	0.0531914972926766	0.0460914230103878	0.350489796705947	0.0423540706153011	0.564824072686729	0.477370224970853	0.532746090640545	0.48183639866316	0.455983680135452	0.516037804009552	0.511924747699517	0.565381008878641	0.414475303578077	0.502312828568397	0.549362364847327	0.045854208389371	0.047229037265835	0.329615461153236	0.0447954884879519
CBSS-89187.3.peg.2957	0.444193624432391	0.481272433105609	0.474240545151632	0.429170647822199	0.468063829640675	0.486153579565998	0.045854208389371	0.108304167685077	0.441136777567997	0.102819021517671	0.0539919735537788	0.0531914972926766	0.0460914230103878	0.0483411337244649	0.0423540706153011	0.114321609561524	0.0681727508208824	0.104667314382405	0.435684898573834	0.440987435072051	0.108735812617283	0.100217779351	0.128725954950927	0.419079084591629	0.0959348869876653	0.12477114553049	0.045854208389371	0.047229037265835	0.437500188383221	0.0447954884879519
(GlcNAc)2_Catabolic_Operon	0.0427944025256857	0.0381637058017326	0.0390843938522618	0.0333588964043466	0.0308999006337351	0.0364983693356204	0.045854208389371	0.108304167685077	0.0494054705841127	0.341053261154946	0.0539919735537788	0.0531914972926766	0.0460914230103878	0.0483411337244649	0.0423540706153011	0.114321609561524	0.0681727508208824	0.104667314382405	0.0359862323971546	0.0453098845977158	0.108735812617283	0.100217779351	0.128725954950927	0.047350085573984	0.286706650510225	0.12477114553049	0.045854208389371	0.047229037265835	0	0.0447954884879519
2-Ketogluconate_Utilization	0.0427944025256857	0.0381637058017326	0.0390843938522618	0.0333588964043466	0.0308999006337351	0.0364983693356204	0.045854208389371	0.108304167685077	0.0494054705841127	0.102819021517671	0.0539919735537788	0.0531914972926766	0.0460914230103878	0.0483411337244649	0.0423540706153011	0.114321609561524	0.248155472792345	0.104667314382405	0.0359862323971546	0.0453098845977158	0.108735812617283	0.100217779351	0.128725954950927	0.047350085573984	0.0959348869876653	0.12477114553049	0.045854208389371	0.047229037265835	0	0.0447954884879519
2-phosphoglycolate_salvage	0.0427944025256857	0.0381637058017326	0.0390843938522618	0.0333588964043466	0.0308999006337351	0.0364983693356204	0.045854208389371	0.108304167685077	0.0494054705841127	0.102819021517671	0.0539919735537788	0.0531914972926766	0.0460914230103878	0.0483411337244649	0.0423540706153011	0.114321609561524	0.262313652511775	0.104667314382405	0.0359862323971546	0.0453098845977158	0.108735812617283	0.100217779351	0.128725954950927	0.047350085573984	0.0959348869876653	0.12477114553049	0.045854208389371	0.047229037265835	0	0.0447954884879519
A_toxin-antitoxin_module_cotranscribed_with_DinB	0.0427944025256857	0.0381637058017326	0.0390843938522618	0.0333588964043466	0.0308999006337351	0.0364983693356204	0.045854208389371	0.108304167685077	0.0494054705841127	0.102819021517671	0.0539919735537788	0.0531914972926766	0.0460914230103878	0.0483411337244649	0.0423540706153011	0.114321609561524	0.261314385747446	0.104667314382405	0.0359862323971546	0.0453098845977158	0.108735812617283	0.100217779351	0.128725954950927	0.047350085573984	0.0959348869876653	0.12477114553049	0.045854208389371	0.047229037265835	0	0.0447954884879519
ABC_transporter_peptide_(TC_3.A.1.5.5)	0.0427944025256857	0.0381637058017326	0.0390843938522618	0.0333588964043466	0.0308999006337351	0.0364983693356204	0.045854208389371	0.108304167685077	0.0494054705841127	0.102819021517671	0.0539919735537788	0.0531914972926766	0.0460914230103878	0.0483411337244649	0.0423540706153011	0.114321609561524	0.300596262502909	0.104667314382405	0.0359862323971546	0.0453098845977158	0.108735812617283	0.100217779351	0.128725954950927	0.047350085573984	0.0959348869876653	0.12477114553049	0.045854208389371	0.047229037265835	0	0.0447954884879519
Acetyl-CoA_fermentation_to_Butyrate	0.0427944025256857	0.0381637058017326	0.0390843938522618	0.0333588964043466	0.0308999006337351	0.0364983693356204	0.045854208389371	0.108304167685077	0.0494054705841127	0.102819021517671	0.0539919735537788	0.0531914972926766	0.0460914230103878	0.0483411337244649	0.0423540706153011	0.114321609561524	0.518124143537734	0.104667314382405	0.0359862323971546	0.0453098845977158	0.108735812617283	0.100217779351	0.128725954950927	0.047350085573984	0.0959348869876653	0.12477114553049	0.045854208389371	0.047229037265835	0	0.0447954884879519
Adhesins_in_Staphylococcus	0.0427944025256857	0.0381637058017326	0.0390843938522618	0.0333588964043466	0.0308999006337351	0.0364983693356204	0.045854208389371	0.108304167685077	0.0494054705841127	0.102819021517671	0.0539919735537788	0.0531914972926766	0.0460914230103878	0.0483411337244649	0.0423540706153011	0.114321609561524	0.326203575899976	0.104667314382405	0.0359862323971546	0.0453098845977158	0.108735812617283	0.100217779351	0.128725954950927	0.047350085573984	0.0959348869876653	0.12477114553049	0.045854208389371	0.047229037265835	0	0.0447954884879519
Aerotolerance_operon_in_Bacteroides_and_potentially_orthologous_operons_in_other_organisms	0.0427944025256857	0.0381637058017326	0.0390843938522618	0.0333588964043466	0.0308999006337351	0.0364983693356204	0.045854208389371	0.108304167685077	0.0494054705841127	0.102819021517671	0.0539919735537788	0.0531914972926766	0.0460914230103878	0.0483411337244649	0.0423540706153011	0.114321609561524	0.522368169846563	0.104667314382405	0.0359862323971546	0.0453098845977158	0.108735812617283	0.100217779351	0.128725954950927	0.047350085573984	0.0959348869876653	0.12477114553049	0.045854208389371	0.047229037265835	0	0.0447954884879519
alpha-Fimbriae	0.0427944025256857	0.0381637058017326	0.0390843938522618	0.0333588964043466	0.0308999006337351	0.0364983693356204	0.045854208389371	0.108304167685077	0.0494054705841127	0.102819021517671	0.0539919735537788	0.0531914972926766	0.0460914230103878	0.0483411337244649	0.0423540706153011	0.114321609561524	0.0681727508208824	0.104667314382405	0.0359862323971546	0.0453098845977158	0.108735812617283	0.244048984549771	0.128725954950927	0.047350085573984	0.0959348869876653	0.12477114553049	0.045854208389371	0.047229037265835	0	0.0447954884879519
Aromatic_amino_acid_interconversions_with_aryl_acids	0.0427944025256857	0.0381637058017326	0.0390843938522618	0.0333588964043466	0.0308999006337351	0.0364983693356204	0.045854208389371	0.108304167685077	0.0494054705841127	0.102819021517671	0.0539919735537788	0.0531914972926766	0.0460914230103878	0.0483411337244649	0.0423540706153011	0.114321609561524	0.528566394171851	0.104667314382405	0.0359862323971546	0.0453098845977158	0.108735812617283	0.100217779351	0.128725954950927	0.047350085573984	0.0959348869876653	0.12477114553049	0.045854208389371	0.047229037265835	0	0.0447954884879519
Autoinducer_2_(AI-2)_transport_and_processing_(lsrACDBFGE_operon)	0.0427944025256857	0.0381637058017326	0.0390843938522618	0.0333588964043466	0.0308999006337351	0.0364983693356204	0.045854208389371	0.108304167685077	0.0494054705841127	0.102819021517671	0.0539919735537788	0.0531914972926766	0.0460914230103878	0.0483411337244649	0.0423540706153011	0.114321609561524	0.365906090099287	0.104667314382405	0.0359862323971546	0.0453098845977158	0.108735812617283	0.100217779351	0.128725954950927	0.047350085573984	0.0959348869876653	0.12477114553049	0.045854208389371	0.047229037265835	0	0.0447954884879519
Bacteriocin-like_peptides_Blp	0.0427944025256857	0.0381637058017326	0.0390843938522618	0.0333588964043466	0.0308999006337351	0.0364983693356204	0.045854208389371	0.108304167685077	0.0494054705841127	0.102819021517671	0.0539919735537788	0.0531914972926766	0.0460914230103878	0.0483411337244649	0.0423540706153011	0.114321609561524	0.321174771755129	0.104667314382405	0.0359862323971546	0.0453098845977158	0.108735812617283	0.339380694396773	0.128725954950927	0.047350085573984	0.0959348869876653	0.12477114553049	0.045854208389371	0.047229037265835	0	0.0447954884879519
Benzoate_catabolism	0.0427944025256857	0.0381637058017326	0.0390843938522618	0.0333588964043466	0.0308999006337351	0.0364983693356204	0.045854208389371	0.108304167685077	0.0494054705841127	0.102819021517671	0.0539919735537788	0.0531914972926766	0.0460914230103878	0.0483411337244649	0.0423540706153011	0.114321609561524	0.352165341632766	0.104667314382405	0.0359862323971546	0.0453098845977158	0.108735812617283	0.100217779351	0.128725954950927	0.047350085573984	0.0959348869876653	0.12477114553049	0.045854208389371	0.047229037265835	0	0.0447954884879519
Benzoate_degradation	0.0427944025256857	0.0381637058017326	0.0390843938522618	0.0333588964043466	0.0308999006337351	0.0364983693356204	0.045854208389371	0.108304167685077	0.0494054705841127	0.102819021517671	0.0539919735537788	0.0531914972926766	0.0460914230103878	0.0483411337244649	0.0423540706153011	0.114321609561524	0.226135888640243	0.104667314382405	0.0359862323971546	0.0453098845977158	0.108735812617283	0.100217779351	0.128725954950927	0.047350085573984	0.0959348869876653	0.12477114553049	0.045854208389371	0.047229037265835	0	0.0447954884879519
beta-glucuronide_utilization	0.0427944025256857	0.0381637058017326	0.0390843938522618	0.0333588964043466	0.0308999006337351	0.0364983693356204	0.045854208389371	0.108304167685077	0.0494054705841127	0.102819021517671	0.0539919735537788	0.0531914972926766	0.0460914230103878	0.0483411337244649	0.0423540706153011	0.114321609561524	0.344282538495736	0.104667314382405	0.0359862323971546	0.0453098845977158	0.371383300912317	0.100217779351	0.128725954950927	0.047350085573984	0.0959348869876653	0.12477114553049	0.045854208389371	0.047229037265835	0	0.0447954884879519
Beta-lactamase	0.0427944025256857	0.0381637058017326	0.0390843938522618	0.0333588964043466	0.0308999006337351	0.0364983693356204	0.045854208389371	0.108304167685077	0.0494054705841127	0.102819021517671	0.0539919735537788	0.0531914972926766	0.0460914230103878	0.0483411337244649	0.0423540706153011	0.114321609561524	0.461396157195992	0.506255547106892	0.0359862323971546	0.0453098845977158	0.514144242118967	0.100217779351	0.128725954950927	0.047350085573984	0.0959348869876653	0.12477114553049	0.045854208389371	0.047229037265835	0	0.0447954884879519
Beta-lactamase_cluster_in_Streptococcus	0.0427944025256857	0.0381637058017326	0.0390843938522618	0.0333588964043466	0.0308999006337351	0.0364983693356204	0.045854208389371	0.108304167685077	0.0494054705841127	0.102819021517671	0.0539919735537788	0.0531914972926766	0.0460914230103878	0.0483411337244649	0.0423540706153011	0.114321609561524	0.503113381795887	0.104667314382405	0.0359862323971546	0.0453098845977158	0.108735812617283	0.100217779351	0.128725954950927	0.047350085573984	0.537466993509794	0.12477114553049	0.045854208389371	0.047229037265835	0	0.0447954884879519
Capsular_heptose_biosynthesis	0.468975637294431	0.470728454041864	0.470080784847535	0.454374748555052	0.453420627046067	0.47379573403753	0.420260270450945	0.108304167685077	0.470370818712429	0.102819021517671	0.42194562179599	0.439066583339521	0.526090867412648	0.436776897487302	0.417466702663809	0.114321609561524	0.0681727508208824	0.104667314382405	0.469593079594299	0.473365441381873	0.108735812617283	0.100217779351	0.128725954950927	0.428201804009356	0.0959348869876653	0.12477114553049	0.402322085309519	0.409529222519983	0.422708685437959	0.400645039538591
CBSS-176280.1.peg.1561	0.0427944025256857	0.0381637058017326	0.0390843938522618	0.0333588964043466	0.0308999006337351	0.0364983693356204	0.045854208389371	0.108304167685077	0.0494054705841127	0.102819021517671	0.0539919735537788	0.0531914972926766	0.0460914230103878	0.0483411337244649	0.0423540706153011	0.114321609561524	0.520091815102658	0.104667314382405	0.0359862323971546	0.0453098845977158	0.108735812617283	0.100217779351	0.128725954950927	0.047350085573984	0.577277961310638	0.12477114553049	0.045854208389371	0.047229037265835	0	0.0447954884879519
CBSS-261594.1.peg.788	0.0427944025256857	0.0381637058017326	0.0390843938522618	0.0333588964043466	0.0308999006337351	0.0364983693356204	0.045854208389371	0.108304167685077	0.0494054705841127	0.102819021517671	0.0539919735537788	0.0531914972926766	0.0460914230103878	0.0483411337244649	0.0423540706153011	0.114321609561524	0.0681727508208824	0.104667314382405	0.0359862323971546	0.0453098845977158	0.108735812617283	0.411028741221479	0.128725954950927	0.047350085573984	0.432016750207604	0.12477114553049	0.045854208389371	0.047229037265835	0	0.0447954884879519
CBSS-316057.3.peg.3521	0.0427944025256857	0.0381637058017326	0.0390843938522618	0.0333588964043466	0.0308999006337351	0.0364983693356204	0.045854208389371	0.108304167685077	0.0494054705841127	0.102819021517671	0.0539919735537788	0.0531914972926766	0.0460914230103878	0.0483411337244649	0.0423540706153011	0.114321609561524	0.0681727508208824	0.405235993250679	0.0359862323971546	0.0453098845977158	0.108735812617283	0.100217779351	0.128725954950927	0.047350085573984	0.0959348869876653	0.12477114553049	0.045854208389371	0.047229037265835	0	0.0447954884879519
CBSS-630.2.peg.3360	0.0427944025256857	0.0381637058017326	0.0390843938522618	0.0333588964043466	0.0308999006337351	0.0364983693356204	0.045854208389371	0.108304167685077	0.0494054705841127	0.102819021517671	0.0539919735537788	0.0531914972926766	0.0460914230103878	0.0483411337244649	0.0423540706153011	0.114321609561524	0.383810042979999	0.104667314382405	0.0359862323971546	0.0453098845977158	0.108735812617283	0.100217779351	0.128725954950927	0.047350085573984	0.0959348869876653	0.12477114553049	0.045854208389371	0.047229037265835	0	0.0447954884879519
Cellulosome	0.0427944025256857	0.0381637058017326	0.0390843938522618	0.0333588964043466	0.0308999006337351	0.0364983693356204	0.045854208389371	0.108304167685077	0.0494054705841127	0.102819021517671	0.0539919735537788	0.0531914972926766	0.0460914230103878	0.0483411337244649	0.0423540706153011	0.114321609561524	0.612483347350806	0.104667314382405	0.0359862323971546	0.0453098845977158	0.108735812617283	0.576195718107164	0.128725954950927	0.047350085573984	0.0959348869876653	0.12477114553049	0.045854208389371	0.047229037265835	0	0.0447954884879519
Chlorobenzoate_degradation	0.0427944025256857	0.0381637058017326	0.0390843938522618	0.0333588964043466	0.0308999006337351	0.0364983693356204	0.045854208389371	0.395222435510078	0.0494054705841127	0.102819021517671	0.0539919735537788	0.0531914972926766	0.0460914230103878	0.0483411337244649	0.0423540706153011	0.114321609561524	0.351727429352012	0.397496578981196	0.0359862323971546	0.0453098845977158	0.108735812617283	0.378401818239434	0.128725954950927	0.047350085573984	0.398267345862224	0.12477114553049	0.045854208389371	0.047229037265835	0	0.0447954884879519
Cluster-based_Subsystem_Grouping_Hypotheticals_-_perhaps_Proteosome_Related	0.0427944025256857	0.0381637058017326	0.0390843938522618	0.0333588964043466	0.0308999006337351	0.0364983693356204	0.045854208389371	0.108304167685077	0.0494054705841127	0.102819021517671	0.0539919735537788	0.0531914972926766	0.0460914230103878	0.0483411337244649	0.0423540706153011	0.114321609561524	0.0681727508208824	0.104667314382405	0.0359862323971546	0.0453098845977158	0.108735812617283	0.100217779351	0.128725954950927	0.047350085573984	0.0959348869876653	0.432361872250984	0.045854208389371	0.047229037265835	0	0.0447954884879519
Coenzyme_B12_biosynthesis	0.0427944025256857	0.0381637058017326	0.0390843938522618	0.0333588964043466	0.0308999006337351	0.0364983693356204	0.045854208389371	0.108304167685077	0.0494054705841127	0.102819021517671	0.0539919735537788	0.0531914972926766	0.0460914230103878	0.0483411337244649	0.0423540706153011	0.114321609561524	0.60065123545028	0.104667314382405	0.0359862323971546	0.0453098845977158	0.108735812617283	0.100217779351	0.128725954950927	0.047350085573984	0.0959348869876653	0.12477114553049	0.045854208389371	0.047229037265835	0	0.0447954884879519
COG3380_COG2907	0.0427944025256857	0.0381637058017326	0.0390843938522618	0.0333588964043466	0.0308999006337351	0.0364983693356204	0.045854208389371	0.108304167685077	0.0494054705841127	0.102819021517671	0.0539919735537788	0.0531914972926766	0.0460914230103878	0.0483411337244649	0.0423540706153011	0.114321609561524	0.273178131205853	0.104667314382405	0.0359862323971546	0.0453098845977158	0.108735812617283	0.100217779351	0.128725954950927	0.047350085573984	0.0959348869876653	0.12477114553049	0.045854208389371	0.047229037265835	0	0.0447954884879519
COG4319	0.0427944025256857	0.0381637058017326	0.0390843938522618	0.0333588964043466	0.0308999006337351	0.0364983693356204	0.045854208389371	0.51414840967567	0.0494054705841127	0.102819021517671	0.0539919735537788	0.0531914972926766	0.0460914230103878	0.0483411337244649	0.0423540706153011	0.114321609561524	0.469945555488109	0.104667314382405	0.0359862323971546	0.0453098845977158	0.108735812617283	0.512964047189183	0.128725954950927	0.047350085573984	0.509019876852952	0.12477114553049	0.045854208389371	0.047229037265835	0	0.0447954884879519
Colonization_factor_antigen_I_fimbriae	0.0427944025256857	0.0381637058017326	0.0390843938522618	0.0333588964043466	0.0308999006337351	0.0364983693356204	0.045854208389371	0.108304167685077	0.0494054705841127	0.102819021517671	0.0539919735537788	0.0531914972926766	0.0460914230103878	0.0483411337244649	0.0423540706153011	0.114321609561524	0.0681727508208824	0.104667314382405	0.0359862323971546	0.0453098845977158	0.108735812617283	0.100217779351	0.128725954950927	0.047350085573984	0.211736756333008	0.12477114553049	0.045854208389371	0.047229037265835	0	0.0447954884879519
Common_Pathway_For_Synthesis_of_Aromatic_Compounds_(DAHP_synthase_to_chorismate)	0.0427944025256857	0.0381637058017326	0.0390843938522618	0.0333588964043466	0.0308999006337351	0.0364983693356204	0.045854208389371	0.108304167685077	0.0494054705841127	0.610280699827667	0.0539919735537788	0.0531914972926766	0.0460914230103878	0.0483411337244649	0.0423540706153011	0.114321609561524	0.54043773219184	0.104667314382405	0.0359862323971546	0.0453098845977158	0.108735812617283	0.553034360555766	0.128725954950927	0.047350085573984	0.583925244148948	0.12477114553049	0.045854208389371	0.047229037265835	0	0.0447954884879519
Conjugative_transfer_related_cluster	0.0427944025256857	0.0381637058017326	0.0390843938522618	0.0333588964043466	0.0308999006337351	0.0364983693356204	0.045854208389371	0.521443745264826	0.0494054705841127	0.102819021517671	0.0539919735537788	0.0531914972926766	0.0460914230103878	0.0483411337244649	0.0423540706153011	0.114321609561524	0.496830396053519	0.104667314382405	0.0359862323971546	0.0453098845977158	0.108735812617283	0.100217779351	0.128725954950927	0.047350085573984	0.488191024357834	0.12477114553049	0.045854208389371	0.047229037265835	0	0.0447954884879519
Conserved_cluster_around_inner_membrane_protein_gene_yghQ,_probably_involved_in_polysaccharide_biosynthesis	0.0427944025256857	0.0381637058017326	0.0390843938522618	0.0333588964043466	0.0308999006337351	0.0364983693356204	0.045854208389371	0.108304167685077	0.0494054705841127	0.102819021517671	0.0539919735537788	0.0531914972926766	0.0460914230103878	0.0483411337244649	0.0423540706153011	0.114321609561524	0.0681727508208824	0.104667314382405	0.0359862323971546	0.0453098845977158	0.108735812617283	0.100217779351	0.128725954950927	0.047350085573984	0.24036057888157	0.12477114553049	0.045854208389371	0.047229037265835	0	0.0447954884879519
Control_of_cell_elongation_-_division_cycle_in_Bacilli	0.0427944025256857	0.0381637058017326	0.0390843938522618	0.0333588964043466	0.0308999006337351	0.0364983693356204	0.045854208389371	0.108304167685077	0.0494054705841127	0.102819021517671	0.0539919735537788	0.0531914972926766	0.0460914230103878	0.0483411337244649	0.0423540706153011	0.114321609561524	0.0681727508208824	0.104667314382405	0.0359862323971546	0.0453098845977158	0.108735812617283	0.411213192384753	0.128725954950927	0.047350085573984	0.0959348869876653	0.12477114553049	0.045854208389371	0.047229037265835	0	0.0447954884879519
Copper_homeostasis:_copper_tolerance	0.0427944025256857	0.0381637058017326	0.0390843938522618	0.0333588964043466	0.0308999006337351	0.0364983693356204	0.045854208389371	0.108304167685077	0.0494054705841127	0.102819021517671	0.0539919735537788	0.0531914972926766	0.0460914230103878	0.0483411337244649	0.0423540706153011	0.114321609561524	0.391488146583026	0.104667314382405	0.0359862323971546	0.0453098845977158	0.108735812617283	0.326475002941896	0.128725954950927	0.047350085573984	0.391119718676859	0.12477114553049	0.045854208389371	0.047229037265835	0	0.0447954884879519
D-allose_utilization	0.0427944025256857	0.0381637058017326	0.0390843938522618	0.0333588964043466	0.0308999006337351	0.0364983693356204	0.045854208389371	0.108304167685077	0.0494054705841127	0.102819021517671	0.0539919735537788	0.0531914972926766	0.0460914230103878	0.0483411337244649	0.0423540706153011	0.114321609561524	0.24596799246553	0.104667314382405	0.0359862323971546	0.0453098845977158	0.108735812617283	0.204568207943447	0.128725954950927	0.047350085573984	0.255010158737019	0.12477114553049	0.045854208389371	0.047229037265835	0	0.0447954884879519
D-tyrosyl-tRNA(Tyr)_deacylase	0.0427944025256857	0.0381637058017326	0.0390843938522618	0.0333588964043466	0.0308999006337351	0.0364983693356204	0.045854208389371	0.399911314718091	0.0494054705841127	0.393058346958222	0.0539919735537788	0.0531914972926766	0.0460914230103878	0.0483411337244649	0.0423540706153011	0.416694183236325	0.372493946355044	0.104667314382405	0.0359862323971546	0.0453098845977158	0.387369401772091	0.392070357718862	0.128725954950927	0.047350085573984	0.382708527282996	0.41572255395887	0.045854208389371	0.047229037265835	0	0.0447954884879519
Dolichol_metabolism	0.0427944025256857	0.0381637058017326	0.0390843938522618	0.0333588964043466	0.0308999006337351	0.0364983693356204	0.045854208389371	0.108304167685077	0.0494054705841127	0.353617673496834	0.0539919735537788	0.0531914972926766	0.0460914230103878	0.0483411337244649	0.0423540706153011	0.114321609561524	0.0681727508208824	0.354234668409898	0.0359862323971546	0.0453098845977158	0.108735812617283	0.100217779351	0.128725954950927	0.047350085573984	0.0959348869876653	0.383613738816614	0.045854208389371	0.047229037265835	0	0.0447954884879519
Experimental_-_Histidine_Degradation	0.0427944025256857	0.0381637058017326	0.0390843938522618	0.0333588964043466	0.0308999006337351	0.0364983693356204	0.045854208389371	0.108304167685077	0.0494054705841127	0.102819021517671	0.0539919735537788	0.0531914972926766	0.0460914230103878	0.0483411337244649	0.0423540706153011	0.114321609561524	0.575678294581919	0.104667314382405	0.0359862323971546	0.0453098845977158	0.108735812617283	0.62231791739759	0.128725954950927	0.047350085573984	0.609463536025305	0.12477114553049	0.045854208389371	0.047229037265835	0	0.0447954884879519
Flagellar_motility	0.0427944025256857	0.0381637058017326	0.0390843938522618	0.0333588964043466	0.0308999006337351	0.0364983693356204	0.045854208389371	0.108304167685077	0.0494054705841127	0.102819021517671	0.0539919735537788	0.0531914972926766	0.0460914230103878	0.0483411337244649	0.0423540706153011	0.114321609561524	0.0681727508208824	0.104667314382405	0.0359862323971546	0.0453098845977158	0.108735812617283	0.100217779351	0.511504714739356	0.047350085573984	0.46201285748583	0.12477114553049	0.045854208389371	0.047229037265835	0	0.0447954884879519
Formate_hydrogenase	0.0427944025256857	0.0381637058017326	0.0390843938522618	0.0333588964043466	0.0308999006337351	0.0364983693356204	0.045854208389371	0.108304167685077	0.0494054705841127	0.102819021517671	0.0539919735537788	0.0531914972926766	0.0460914230103878	0.0483411337244649	0.0423540706153011	0.114321609561524	0.382924384152242	0.104667314382405	0.0359862323971546	0.0453098845977158	0.108735812617283	0.246746752267994	0.128725954950927	0.047350085573984	0.241831508082359	0.12477114553049	0.045854208389371	0.047229037265835	0	0.0447954884879519
Gentisare_degradation	0.0427944025256857	0.0381637058017326	0.0390843938522618	0.0333588964043466	0.0308999006337351	0.0364983693356204	0.045854208389371	0.108304167685077	0.0494054705841127	0.102819021517671	0.0539919735537788	0.0531914972926766	0.0460914230103878	0.0483411337244649	0.0423540706153011	0.114321609561524	0.360816326702015	0.104667314382405	0.0359862323971546	0.0453098845977158	0.108735812617283	0.100217779351	0.128725954950927	0.047350085573984	0.0959348869876653	0.12477114553049	0.045854208389371	0.047229037265835	0	0.0447954884879519
Glutaredoxin_3_containing_cluster_2	0.0427944025256857	0.0381637058017326	0.0390843938522618	0.0333588964043466	0.0308999006337351	0.0364983693356204	0.045854208389371	0.108304167685077	0.0494054705841127	0.383756091047294	0.0539919735537788	0.0531914972926766	0.0460914230103878	0.0483411337244649	0.0423540706153011	0.114321609561524	0.36150838729222	0.104667314382405	0.0359862323971546	0.0453098845977158	0.108735812617283	0.100217779351	0.128725954950927	0.047350085573984	0.379510905499624	0.12477114553049	0.045854208389371	0.047229037265835	0	0.0447954884879519
Glycolate,_glyoxylate_interconversions	0.0427944025256857	0.0381637058017326	0.0390843938522618	0.0333588964043466	0.0308999006337351	0.0364983693356204	0.045854208389371	0.388049364557675	0.0494054705841127	0.102819021517671	0.0539919735537788	0.0531914972926766	0.0460914230103878	0.0483411337244649	0.0423540706153011	0.114321609561524	0.0681727508208824	0.381369870272315	0.0359862323971546	0.0453098845977158	0.108735812617283	0.100217779351	0.128725954950927	0.047350085573984	0.441575542713146	0.12477114553049	0.045854208389371	0.047229037265835	0	0.0447954884879519
Heme_biosynthesis_orphans	0.0427944025256857	0.0381637058017326	0.0390843938522618	0.0333588964043466	0.0308999006337351	0.0364983693356204	0.045854208389371	0.108304167685077	0.0494054705841127	0.102819021517671	0.0539919735537788	0.0531914972926766	0.0460914230103878	0.0483411337244649	0.0423540706153011	0.114321609561524	0.0681727508208824	0.104667314382405	0.0359862323971546	0.0453098845977158	0.108735812617283	0.100217779351	0.128725954950927	0.047350085573984	0.362668516231314	0.12477114553049	0.045854208389371	0.047229037265835	0	0.0447954884879519
Homogentisate_pathway_of_aromatic_compound_degradation	0.0427944025256857	0.0381637058017326	0.0390843938522618	0.0333588964043466	0.0308999006337351	0.0364983693356204	0.045854208389371	0.108304167685077	0.0494054705841127	0.102819021517671	0.0539919735537788	0.0531914972926766	0.0460914230103878	0.0483411337244649	0.0423540706153011	0.114321609561524	0.0681727508208824	0.104667314382405	0.0359862323971546	0.0453098845977158	0.108735812617283	0.251486201681161	0.128725954950927	0.047350085573984	0.0959348869876653	0.12477114553049	0.045854208389371	0.047229037265835	0	0.0447954884879519
Hydantoin_metabolism	0.0427944025256857	0.0381637058017326	0.0390843938522618	0.0333588964043466	0.0308999006337351	0.0364983693356204	0.045854208389371	0.108304167685077	0.0494054705841127	0.102819021517671	0.0539919735537788	0.0531914972926766	0.0460914230103878	0.0483411337244649	0.0423540706153011	0.114321609561524	0.254304328224308	0.104667314382405	0.0359862323971546	0.0453098845977158	0.108735812617283	0.100217779351	0.128725954950927	0.047350085573984	0.0959348869876653	0.12477114553049	0.045854208389371	0.047229037265835	0	0.0447954884879519
Hydroxyaromatic_decarboxylase_family	0.0427944025256857	0.0381637058017326	0.0390843938522618	0.0333588964043466	0.0308999006337351	0.0364983693356204	0.045854208389371	0.108304167685077	0.0494054705841127	0.102819021517671	0.0539919735537788	0.0531914972926766	0.0460914230103878	0.0483411337244649	0.0423540706153011	0.114321609561524	0.281443905110254	0.104667314382405	0.0359862323971546	0.0453098845977158	0.108735812617283	0.100217779351	0.128725954950927	0.047350085573984	0.0959348869876653	0.12477114553049	0.045854208389371	0.047229037265835	0	0.0447954884879519
Hyperosmotic_potassium_uptake	0.0427944025256857	0.0381637058017326	0.0390843938522618	0.0333588964043466	0.0308999006337351	0.0364983693356204	0.045854208389371	0.108304167685077	0.0494054705841127	0.102819021517671	0.0539919735537788	0.0531914972926766	0.0460914230103878	0.0483411337244649	0.0423540706153011	0.114321609561524	0.437740872117333	0.104667314382405	0.0359862323971546	0.0453098845977158	0.108735812617283	0.100217779351	0.128725954950927	0.047350085573984	0.0959348869876653	0.12477114553049	0.045854208389371	0.047229037265835	0	0.0447954884879519
Inner_membrane_protein_YhjD_and_conserved_cluster_involved_in_LPS_biosynthesis	0.0427944025256857	0.0381637058017326	0.0390843938522618	0.0333588964043466	0.0308999006337351	0.0364983693356204	0.045854208389371	0.108304167685077	0.0494054705841127	0.102819021517671	0.0539919735537788	0.0531914972926766	0.0460914230103878	0.0483411337244649	0.0423540706153011	0.114321609561524	0.326141970197354	0.104667314382405	0.0359862323971546	0.0453098845977158	0.108735812617283	0.100217779351	0.128725954950927	0.047350085573984	0.0959348869876653	0.12477114553049	0.045854208389371	0.047229037265835	0	0.0447954884879519
Inositol_catabolism	0.0427944025256857	0.0381637058017326	0.0390843938522618	0.0333588964043466	0.0308999006337351	0.0364983693356204	0.045854208389371	0.108304167685077	0.0494054705841127	0.102819021517671	0.0539919735537788	0.0531914972926766	0.0460914230103878	0.0483411337244649	0.0423540706153011	0.114321609561524	0.0681727508208824	0.104667314382405	0.0359862323971546	0.0453098845977158	0.108735812617283	0.33908509306501	0.128725954950927	0.047350085573984	0.0959348869876653	0.12477114553049	0.045854208389371	0.047229037265835	0	0.0447954884879519
Ketoisovalerate_oxidoreductase	0.0427944025256857	0.0381637058017326	0.0390843938522618	0.0333588964043466	0.0308999006337351	0.0364983693356204	0.045854208389371	0.108304167685077	0.0494054705841127	0.336957635623104	0.0539919735537788	0.0531914972926766	0.0460914230103878	0.0483411337244649	0.0423540706153011	0.356130444962952	0.319215588561175	0.347527073603923	0.0359862323971546	0.0453098845977158	0.342561699849093	0.339747924542419	0.128725954950927	0.047350085573984	0.0959348869876653	0.350750286710873	0.045854208389371	0.047229037265835	0	0.0447954884879519
Leucine_Biosynthesis	0.0427944025256857	0.0381637058017326	0.0390843938522618	0.0333588964043466	0.0308999006337351	0.0364983693356204	0.045854208389371	0.108304167685077	0.0494054705841127	0.102819021517671	0.0539919735537788	0.0531914972926766	0.0460914230103878	0.0483411337244649	0.0423540706153011	0.114321609561524	0.574123864214563	0.104667314382405	0.0359862323971546	0.0453098845977158	0.108735812617283	0.615815735888423	0.128725954950927	0.047350085573984	0.585935621428618	0.12477114553049	0.045854208389371	0.047229037265835	0	0.0447954884879519
Lipopolysaccharide-related_cluster_in_Alphaproteobacteria	0.0427944025256857	0.0381637058017326	0.0390843938522618	0.0333588964043466	0.0308999006337351	0.0364983693356204	0.045854208389371	0.417109222513932	0.0494054705841127	0.462565150186097	0.0539919735537788	0.0531914972926766	0.0460914230103878	0.0483411337244649	0.0423540706153011	0.445773173039114	0.415860378120144	0.423282838117749	0.0359862323971546	0.0453098845977158	0.459879509093561	0.413968224336904	0.496127144254061	0.047350085573984	0.437938141402985	0.12477114553049	0.045854208389371	0.047229037265835	0	0.0447954884879519
Lipoprotein_Biosynthesis	0.0427944025256857	0.0381637058017326	0.0390843938522618	0.0333588964043466	0.0308999006337351	0.0364983693356204	0.045854208389371	0.108304167685077	0.0494054705841127	0.102819021517671	0.0539919735537788	0.0531914972926766	0.0460914230103878	0.0483411337244649	0.0423540706153011	0.114321609561524	0.0681727508208824	0.104667314382405	0.0359862323971546	0.0453098845977158	0.108735812617283	0.100217779351	0.507105264928763	0.047350085573984	0.0959348869876653	0.12477114553049	0.045854208389371	0.047229037265835	0	0.0447954884879519
Lysine_Biosynthesis_DAP_Pathway	0.0427944025256857	0.0381637058017326	0.0390843938522618	0.0333588964043466	0.0308999006337351	0.0364983693356204	0.045854208389371	0.693246820831177	0.0494054705841127	0.102819021517671	0.0539919735537788	0.0531914972926766	0.0460914230103878	0.0483411337244649	0.0423540706153011	0.114321609561524	0.616707518002568	0.711148547478093	0.0359862323971546	0.0453098845977158	0.108735812617283	0.100217779351	0.128725954950927	0.047350085573984	0.0959348869876653	0.12477114553049	0.045854208389371	0.047229037265835	0	0.0447954884879519
Major_Outer_Membrane_Proteins	0.0427944025256857	0.0381637058017326	0.0390843938522618	0.0333588964043466	0.0308999006337351	0.0364983693356204	0.045854208389371	0.108304167685077	0.0494054705841127	0.102819021517671	0.0539919735537788	0.0531914972926766	0.0460914230103878	0.0483411337244649	0.0423540706153011	0.114321609561524	0.0681727508208824	0.104667314382405	0.0359862323971546	0.0453098845977158	0.108735812617283	0.426426712993028	0.128725954950927	0.047350085573984	0.0959348869876653	0.12477114553049	0.045854208389371	0.047229037265835	0	0.0447954884879519
Maltose_and_Maltodextrin_Utilization	0.0427944025256857	0.0381637058017326	0.0390843938522618	0.0333588964043466	0.0308999006337351	0.0364983693356204	0.045854208389371	0.779406802710249	0.0494054705841127	0.765432212929477	0.0539919735537788	0.0531914972926766	0.0460914230103878	0.0483411337244649	0.0423540706153011	0.114321609561524	0.718974748347123	0.104667314382405	0.0359862323971546	0.0453098845977158	0.108735812617283	0.762155429422604	0.128725954950927	0.047350085573984	0.758716342144369	0.12477114553049	0.045854208389371	0.047229037265835	0	0.0447954884879519
Methanopterin_biosynthesis2	0.0427944025256857	0.0381637058017326	0.0390843938522618	0.0333588964043466	0.0308999006337351	0.0364983693356204	0.045854208389371	0.108304167685077	0.0494054705841127	0.102819021517671	0.0539919735537788	0.0531914972926766	0.0460914230103878	0.0483411337244649	0.0423540706153011	0.114321609561524	0.0681727508208824	0.104667314382405	0.0359862323971546	0.0453098845977158	0.108735812617283	0.436383411756002	0.128725954950927	0.047350085573984	0.0959348869876653	0.12477114553049	0.045854208389371	0.047229037265835	0	0.0447954884879519
Methylthiotransferases	0.0427944025256857	0.0381637058017326	0.0390843938522618	0.0333588964043466	0.0308999006337351	0.0364983693356204	0.045854208389371	0.108304167685077	0.0494054705841127	0.102819021517671	0.0539919735537788	0.0531914972926766	0.0460914230103878	0.0483411337244649	0.0423540706153011	0.114321609561524	0.519182549172194	0.104667314382405	0.0359862323971546	0.0453098845977158	0.108735812617283	0.559848922238721	0.128725954950927	0.047350085573984	0.533266207864216	0.12477114553049	0.045854208389371	0.047229037265835	0	0.0447954884879519
Molybdopterin_cytosine_dinucleotide	0.0427944025256857	0.0381637058017326	0.0390843938522618	0.0333588964043466	0.0308999006337351	0.0364983693356204	0.045854208389371	0.108304167685077	0.0494054705841127	0.102819021517671	0.0539919735537788	0.0531914972926766	0.0460914230103878	0.0483411337244649	0.0423540706153011	0.114321609561524	0.277763985955213	0.104667314382405	0.0359862323971546	0.0453098845977158	0.108735812617283	0.100217779351	0.128725954950927	0.047350085573984	0.0959348869876653	0.12477114553049	0.045854208389371	0.047229037265835	0	0.0447954884879519
Multiple_Antibiotic_Resistance_MAR_locus	0.0427944025256857	0.0381637058017326	0.0390843938522618	0.0333588964043466	0.0308999006337351	0.0364983693356204	0.045854208389371	0.108304167685077	0.0494054705841127	0.102819021517671	0.0539919735537788	0.0531914972926766	0.0460914230103878	0.0483411337244649	0.0423540706153011	0.114321609561524	0.271003186521225	0.104667314382405	0.0359862323971546	0.0453098845977158	0.108735812617283	0.100217779351	0.128725954950927	0.047350085573984	0.191996970153082	0.12477114553049	0.045854208389371	0.047229037265835	0	0.0447954884879519
Murein_hydrolase_regulation_and_cell_death	0.0427944025256857	0.0381637058017326	0.0390843938522618	0.0333588964043466	0.0308999006337351	0.0364983693356204	0.045854208389371	0.108304167685077	0.0494054705841127	0.102819021517671	0.0539919735537788	0.0531914972926766	0.0460914230103878	0.0483411337244649	0.0423540706153011	0.114321609561524	0.421351945512399	0.104667314382405	0.0359862323971546	0.0453098845977158	0.108735812617283	0.100217779351	0.128725954950927	0.047350085573984	0.0959348869876653	0.12477114553049	0.045854208389371	0.047229037265835	0	0.0447954884879519
Murein_Hydrolases	0.0427944025256857	0.0381637058017326	0.0390843938522618	0.0333588964043466	0.0308999006337351	0.0364983693356204	0.045854208389371	0.108304167685077	0.0494054705841127	0.102819021517671	0.0539919735537788	0.0531914972926766	0.0460914230103878	0.0483411337244649	0.0423540706153011	0.114321609561524	0.447089186868435	0.104667314382405	0.0359862323971546	0.0453098845977158	0.108735812617283	0.100217779351	0.128725954950927	0.047350085573984	0.0959348869876653	0.12477114553049	0.045854208389371	0.047229037265835	0	0.0447954884879519
Nucleoid-associated_proteins_in_Bacteria	0.0427944025256857	0.0381637058017326	0.0390843938522618	0.0333588964043466	0.0308999006337351	0.0364983693356204	0.045854208389371	0.108304167685077	0.0494054705841127	0.102819021517671	0.0539919735537788	0.0531914972926766	0.0460914230103878	0.0483411337244649	0.0423540706153011	0.114321609561524	0.266739462046045	0.104667314382405	0.0359862323971546	0.0453098845977158	0.108735812617283	0.190391536256498	0.128725954950927	0.047350085573984	0.206743833241457	0.12477114553049	0.045854208389371	0.047229037265835	0	0.0447954884879519
Nucleolar_protein_complex	0.0427944025256857	0.0381637058017326	0.0390843938522618	0.0333588964043466	0.0308999006337351	0.0364983693356204	0.045854208389371	0.108304167685077	0.0494054705841127	0.102819021517671	0.0539919735537788	0.0531914972926766	0.0460914230103878	0.0483411337244649	0.0423540706153011	0.114321609561524	0.0681727508208824	0.104667314382405	0.0359862323971546	0.0453098845977158	0.108735812617283	0.100217779351	0.128725954950927	0.047350085573984	0.360791124879971	0.12477114553049	0.045854208389371	0.047229037265835	0	0.0447954884879519
Osmoprotectant_ABC_transporter_YehZYXW_of_Enterobacteriales	0.0427944025256857	0.0381637058017326	0.0390843938522618	0.0333588964043466	0.0308999006337351	0.0364983693356204	0.045854208389371	0.108304167685077	0.0494054705841127	0.102819021517671	0.0539919735537788	0.0531914972926766	0.0460914230103878	0.0483411337244649	0.0423540706153011	0.114321609561524	0.292114742841177	0.104667314382405	0.0359862323971546	0.0453098845977158	0.108735812617283	0.100217779351	0.128725954950927	0.047350085573984	0.18838931102161	0.12477114553049	0.045854208389371	0.047229037265835	0	0.0447954884879519
P_uptake_(cyanobacteria)	0.0427944025256857	0.0381637058017326	0.0390843938522618	0.0333588964043466	0.0308999006337351	0.0364983693356204	0.045854208389371	0.632065858913734	0.0494054705841127	0.102819021517671	0.0539919735537788	0.0531914972926766	0.0460914230103878	0.0483411337244649	0.0423540706153011	0.114321609561524	0.559601923426607	0.104667314382405	0.0359862323971546	0.0453098845977158	0.108735812617283	0.592594879191241	0.128725954950927	0.047350085573984	0.0959348869876653	0.12477114553049	0.045854208389371	0.047229037265835	0	0.0447954884879519
Periplasmic_Acid_Stress_Response_in_Enterobacteria	0.0427944025256857	0.0381637058017326	0.0390843938522618	0.0333588964043466	0.0308999006337351	0.0364983693356204	0.045854208389371	0.108304167685077	0.0494054705841127	0.102819021517671	0.0539919735537788	0.0531914972926766	0.0460914230103878	0.0483411337244649	0.0423540706153011	0.114321609561524	0.282351412915314	0.104667314382405	0.0359862323971546	0.0453098845977158	0.108735812617283	0.100217779351	0.128725954950927	0.047350085573984	0.0959348869876653	0.12477114553049	0.045854208389371	0.047229037265835	0	0.0447954884879519
Periplasmic_disulfide_interchange	0.0427944025256857	0.0381637058017326	0.0390843938522618	0.0333588964043466	0.0308999006337351	0.0364983693356204	0.045854208389371	0.108304167685077	0.0494054705841127	0.102819021517671	0.0539919735537788	0.0531914972926766	0.0460914230103878	0.0483411337244649	0.0423540706153011	0.114321609561524	0.0681727508208824	0.104667314382405	0.0359862323971546	0.0453098845977158	0.108735812617283	0.100217779351	0.542601208863609	0.047350085573984	0.0959348869876653	0.12477114553049	0.045854208389371	0.047229037265835	0	0.0447954884879519
Phage_capsid_proteins	0.0427944025256857	0.0381637058017326	0.0390843938522618	0.0333588964043466	0.0308999006337351	0.0364983693356204	0.045854208389371	0.108304167685077	0.0494054705841127	0.102819021517671	0.0539919735537788	0.0531914972926766	0.0460914230103878	0.0483411337244649	0.0423540706153011	0.114321609561524	0.365272345108037	0.104667314382405	0.0359862323971546	0.0453098845977158	0.108735812617283	0.100217779351	0.128725954950927	0.047350085573984	0.0959348869876653	0.12477114553049	0.045854208389371	0.047229037265835	0	0.0447954884879519
Phage_Dual_Exonuclease_Exclusion	0.0427944025256857	0.0381637058017326	0.0390843938522618	0.0333588964043466	0.0308999006337351	0.0364983693356204	0.045854208389371	0.108304167685077	0.0494054705841127	0.102819021517671	0.0539919735537788	0.0531914972926766	0.0460914230103878	0.0483411337244649	0.0423540706153011	0.114321609561524	0.254516929892658	0.104667314382405	0.0359862323971546	0.0453098845977158	0.108735812617283	0.190391536256498	0.128725954950927	0.047350085573984	0.0959348869876653	0.12477114553049	0.045854208389371	0.047229037265835	0	0.0447954884879519
Phage_nin_genes_-_N-independent_survival	0.0427944025256857	0.0381637058017326	0.0390843938522618	0.0333588964043466	0.0308999006337351	0.0364983693356204	0.045854208389371	0.108304167685077	0.0494054705841127	0.102819021517671	0.0539919735537788	0.0531914972926766	0.0460914230103878	0.0483411337244649	0.0423540706153011	0.114321609561524	0.306121276104437	0.104667314382405	0.0359862323971546	0.0453098845977158	0.108735812617283	0.100217779351	0.128725954950927	0.047350085573984	0.0959348869876653	0.12477114553049	0.045854208389371	0.047229037265835	0	0.0447954884879519
Phage_packaging_machinery	0.0427944025256857	0.0381637058017326	0.0390843938522618	0.0333588964043466	0.0308999006337351	0.0364983693356204	0.045854208389371	0.108304167685077	0.0494054705841127	0.102819021517671	0.0539919735537788	0.0531914972926766	0.0460914230103878	0.0483411337244649	0.0423540706153011	0.114321609561524	0.380884250307619	0.104667314382405	0.0359862323971546	0.0453098845977158	0.108735812617283	0.418754134733544	0.128725954950927	0.047350085573984	0.0959348869876653	0.12477114553049	0.045854208389371	0.047229037265835	0	0.0447954884879519
Phage_shock_protein_(psp)_operon	0.0427944025256857	0.0381637058017326	0.0390843938522618	0.0333588964043466	0.0308999006337351	0.0364983693356204	0.045854208389371	0.108304167685077	0.0494054705841127	0.102819021517671	0.0539919735537788	0.0531914972926766	0.0460914230103878	0.0483411337244649	0.0423540706153011	0.114321609561524	0.268404777156786	0.104667314382405	0.0359862323971546	0.0453098845977158	0.108735812617283	0.100217779351	0.128725954950927	0.047350085573984	0.164846715598548	0.12477114553049	0.045854208389371	0.047229037265835	0	0.0447954884879519
Phosphonate_metabolism	0.0427944025256857	0.0381637058017326	0.0390843938522618	0.0333588964043466	0.0308999006337351	0.0364983693356204	0.045854208389371	0.108304167685077	0.0494054705841127	0.458934416589106	0.0539919735537788	0.0531914972926766	0.0460914230103878	0.0483411337244649	0.0423540706153011	0.114321609561524	0.0681727508208824	0.468593913307802	0.0359862323971546	0.0453098845977158	0.108735812617283	0.100217779351	0.128725954950927	0.047350085573984	0.0959348869876653	0.12477114553049	0.045854208389371	0.047229037265835	0	0.0447954884879519
Polyadenylation_specificity_factor	0.0427944025256857	0.0381637058017326	0.0390843938522618	0.0333588964043466	0.0308999006337351	0.0364983693356204	0.045854208389371	0.108304167685077	0.0494054705841127	0.102819021517671	0.0539919735537788	0.0531914972926766	0.0460914230103878	0.0483411337244649	0.0423540706153011	0.114321609561524	0.0681727508208824	0.104667314382405	0.0359862323971546	0.0453098845977158	0.108735812617283	0.100217779351	0.128725954950927	0.047350085573984	0.195149958603697	0.12477114553049	0.045854208389371	0.047229037265835	0	0.0447954884879519
Polysaccharide_deacetylases	0.0427944025256857	0.0381637058017326	0.0390843938522618	0.0333588964043466	0.0308999006337351	0.0364983693356204	0.045854208389371	0.108304167685077	0.0494054705841127	0.102819021517671	0.0539919735537788	0.0531914972926766	0.0460914230103878	0.0483411337244649	0.0423540706153011	0.114321609561524	0.385049174263142	0.104667314382405	0.0359862323971546	0.0453098845977158	0.410671813819631	0.401655572919847	0.128725954950927	0.047350085573984	0.390181567573544	0.12477114553049	0.045854208389371	0.047229037265835	0	0.0447954884879519
Proline_Synthesis	0.508334039907432	0.513450144366075	0.520250886225022	0.502686244504066	0.493159948681125	0.514471840443056	0.451079467448014	0.108304167685077	0.4904933030858	0.102819021517671	0.465051700609627	0.491730495225635	0.505261389604412	0.450076775453392	0.458276370083751	0.114321609561524	0.0681727508208824	0.104667314382405	0.512632136038119	0.521691259128765	0.108735812617283	0.100217779351	0.128725954950927	0.487152373604044	0.0959348869876653	0.12477114553049	0.470629166348104	0.431792754857104	0.455783645762868	0.469814710396006
Propionate-CoA_to_Succinate_Module	0.0427944025256857	0.0381637058017326	0.0390843938522618	0.0333588964043466	0.0308999006337351	0.0364983693356204	0.045854208389371	0.108304167685077	0.0494054705841127	0.102819021517671	0.0539919735537788	0.0531914972926766	0.0460914230103878	0.0483411337244649	0.0423540706153011	0.114321609561524	0.449432069949907	0.104667314382405	0.0359862323971546	0.0453098845977158	0.108735812617283	0.100217779351	0.128725954950927	0.047350085573984	0.0959348869876653	0.12477114553049	0.045854208389371	0.047229037265835	0	0.0447954884879519
Proteasome_archaeal	0.0427944025256857	0.0381637058017326	0.0390843938522618	0.0333588964043466	0.0308999006337351	0.0364983693356204	0.045854208389371	0.256458665906712	0.0494054705841127	0.102819021517671	0.0539919735537788	0.0531914972926766	0.0460914230103878	0.0483411337244649	0.0423540706153011	0.114321609561524	0.18017532690575	0.104667314382405	0.0359862323971546	0.0453098845977158	0.108735812617283	0.24999074788582	0.128725954950927	0.047350085573984	0.153524032882258	0.12477114553049	0.045854208389371	0.047229037265835	0	0.0447954884879519
Protein_degradation	0.483691854754057	0.480357765330677	0.479621324653842	0.464520499850406	0.470425779556222	0.486576932458118	0.444114333224325	0.108304167685077	0.461154833703918	0.102819021517671	0.42012193766734	0.435915192435839	0.478261860266132	0.451458751920437	0.427251016574532	0.114321609561524	0.0681727508208824	0.104667314382405	0.48277821727592	0.452516592780746	0.108735812617283	0.100217779351	0.128725954950927	0.465903729372702	0.0959348869876653	0.12477114553049	0.447081385626962	0.433273372735957	0.439116842101339	0.443733883508871
Proteorhodopsin	0.0427944025256857	0.0381637058017326	0.0390843938522618	0.0333588964043466	0.0308999006337351	0.0364983693356204	0.045854208389371	0.476609458970789	0.0494054705841127	0.102819021517671	0.0539919735537788	0.0531914972926766	0.0460914230103878	0.0483411337244649	0.0423540706153011	0.114321609561524	0.42417145091572	0.483907402974753	0.0359862323971546	0.0453098845977158	0.108735812617283	0.46531345201536	0.128725954950927	0.047350085573984	0.43668103882905	0.12477114553049	0.045854208389371	0.047229037265835	0	0.0447954884879519
Protocatechuate_branch_of_beta-ketoadipate_pathway	0.0427944025256857	0.0381637058017326	0.0390843938522618	0.0333588964043466	0.0308999006337351	0.0364983693356204	0.045854208389371	0.108304167685077	0.0494054705841127	0.102819021517671	0.0539919735537788	0.0531914972926766	0.0460914230103878	0.0483411337244649	0.0423540706153011	0.114321609561524	0.404074430118654	0.453376972870638	0.0359862323971546	0.0453098845977158	0.108735812617283	0.420492063571546	0.128725954950927	0.047350085573984	0.418236258911467	0.12477114553049	0.045854208389371	0.047229037265835	0	0.0447954884879519
Proton-dependent_Peptide_Transporters	0.0427944025256857	0.0381637058017326	0.0390843938522618	0.0333588964043466	0.0308999006337351	0.0364983693356204	0.045854208389371	0.108304167685077	0.0494054705841127	0.102819021517671	0.0539919735537788	0.0531914972926766	0.0460914230103878	0.0483411337244649	0.0423540706153011	0.114321609561524	0.428362670398906	0.104667314382405	0.0359862323971546	0.0453098845977158	0.108735812617283	0.100217779351	0.128725954950927	0.047350085573984	0.0959348869876653	0.12477114553049	0.045854208389371	0.047229037265835	0	0.0447954884879519
Putative_sugar_ABC_transporter_(ytf_cluster)	0.0427944025256857	0.0381637058017326	0.0390843938522618	0.0333588964043466	0.0308999006337351	0.0364983693356204	0.045854208389371	0.108304167685077	0.0494054705841127	0.102819021517671	0.0539919735537788	0.0531914972926766	0.0460914230103878	0.0483411337244649	0.0423540706153011	0.114321609561524	0.404563757615986	0.104667314382405	0.0359862323971546	0.0453098845977158	0.108735812617283	0.100217779351	0.128725954950927	0.047350085573984	0.0959348869876653	0.12477114553049	0.045854208389371	0.047229037265835	0	0.0447954884879519
Putrescine_utilization_pathways	0.0427944025256857	0.0381637058017326	0.0390843938522618	0.0333588964043466	0.0308999006337351	0.0364983693356204	0.045854208389371	0.108304167685077	0.0494054705841127	0.102819021517671	0.0539919735537788	0.0531914972926766	0.0460914230103878	0.0483411337244649	0.0423540706153011	0.188624748160719	0.32771869262508	0.104667314382405	0.0359862323971546	0.0453098845977158	0.108735812617283	0.230327696799644	0.128725954950927	0.047350085573984	0.24036057888157	0.12477114553049	0.045854208389371	0.047229037265835	0	0.0447954884879519
pVir_Plasmid_of_Campylobacter	0.0427944025256857	0.0381637058017326	0.0390843938522618	0.0333588964043466	0.0308999006337351	0.0364983693356204	0.045854208389371	0.108304167685077	0.0494054705841127	0.102819021517671	0.0539919735537788	0.0531914972926766	0.0460914230103878	0.0483411337244649	0.0423540706153011	0.114321609561524	0.480476733062468	0.104667314382405	0.0359862323971546	0.0453098845977158	0.108735812617283	0.514744215349324	0.128725954950927	0.047350085573984	0.0959348869876653	0.12477114553049	0.045854208389371	0.047229037265835	0	0.0447954884879519
Quinate_degradation	0.0427944025256857	0.0381637058017326	0.0390843938522618	0.0333588964043466	0.0308999006337351	0.0364983693356204	0.045854208389371	0.108304167685077	0.0494054705841127	0.102819021517671	0.0539919735537788	0.0531914972926766	0.0460914230103878	0.0483411337244649	0.0423540706153011	0.114321609561524	0.364129703337673	0.104667314382405	0.0359862323971546	0.0453098845977158	0.108735812617283	0.100217779351	0.128725954950927	0.047350085573984	0.0959348869876653	0.12477114553049	0.045854208389371	0.047229037265835	0	0.0447954884879519
Quinone_oxidoreductase_family	0.0427944025256857	0.0381637058017326	0.0390843938522618	0.0333588964043466	0.0308999006337351	0.0364983693356204	0.045854208389371	0.108304167685077	0.0494054705841127	0.102819021517671	0.0539919735537788	0.0531914972926766	0.0460914230103878	0.0483411337244649	0.0423540706153011	0.114321609561524	0.259573521043946	0.104667314382405	0.0359862323971546	0.0453098845977158	0.108735812617283	0.100217779351	0.128725954950927	0.047350085573984	0.0959348869876653	0.12477114553049	0.045854208389371	0.047229037265835	0	0.0447954884879519
Quorum_sensing_in_Yersinia	0.0427944025256857	0.0381637058017326	0.0390843938522618	0.0333588964043466	0.0308999006337351	0.0364983693356204	0.045854208389371	0.108304167685077	0.0494054705841127	0.102819021517671	0.0539919735537788	0.0531914972926766	0.0460914230103878	0.0483411337244649	0.0423540706153011	0.114321609561524	0.237795560236241	0.104667314382405	0.0359862323971546	0.0453098845977158	0.108735812617283	0.100217779351	0.128725954950927	0.047350085573984	0.0959348869876653	0.12477114553049	0.045854208389371	0.047229037265835	0	0.0447954884879519
r1t-like_streptococcal_phages	0.0427944025256857	0.0381637058017326	0.0390843938522618	0.0333588964043466	0.0308999006337351	0.0364983693356204	0.045854208389371	0.108304167685077	0.0494054705841127	0.102819021517671	0.0539919735537788	0.0531914972926766	0.0460914230103878	0.0483411337244649	0.0423540706153011	0.114321609561524	0.0681727508208824	0.104667314382405	0.0359862323971546	0.0453098845977158	0.389961783890944	0.100217779351	0.128725954950927	0.047350085573984	0.387032487573093	0.413428824998137	0.045854208389371	0.047229037265835	0	0.0447954884879519
rRNA_modification_Bacteria	0.0427944025256857	0.0381637058017326	0.0390843938522618	0.0333588964043466	0.0308999006337351	0.0364983693356204	0.045854208389371	0.633172184963212	0.0494054705841127	0.102819021517671	0.0539919735537788	0.0531914972926766	0.0460914230103878	0.0483411337244649	0.0423540706153011	0.114321609561524	0.580575767354367	0.104667314382405	0.0359862323971546	0.0453098845977158	0.108735812617283	0.100217779351	0.128725954950927	0.047350085573984	0.617387592786242	0.12477114553049	0.045854208389371	0.047229037265835	0	0.0447954884879519
Salmonella_invasion_locus	0.0427944025256857	0.0381637058017326	0.0390843938522618	0.0333588964043466	0.0308999006337351	0.0364983693356204	0.045854208389371	0.108304167685077	0.0494054705841127	0.102819021517671	0.0539919735537788	0.0531914972926766	0.0460914230103878	0.0483411337244649	0.0423540706153011	0.114321609561524	0.266739462046045	0.104667314382405	0.0359862323971546	0.0453098845977158	0.108735812617283	0.100217779351	0.128725954950927	0.047350085573984	0.0959348869876653	0.12477114553049	0.045854208389371	0.047229037265835	0	0.0447954884879519
Serine_Biosynthesis	0.0427944025256857	0.0381637058017326	0.0390843938522618	0.0333588964043466	0.0308999006337351	0.0364983693356204	0.045854208389371	0.108304167685077	0.0494054705841127	0.102819021517671	0.0539919735537788	0.0531914972926766	0.0460914230103878	0.0483411337244649	0.0423540706153011	0.611838986402012	0.0681727508208824	0.104667314382405	0.0359862323971546	0.0453098845977158	0.108735812617283	0.100217779351	0.128725954950927	0.047350085573984	0.555781598782859	0.12477114553049	0.045854208389371	0.047229037265835	0	0.0447954884879519
Serotype_determining_Capsular_polysaccharide_biosynthesis_in_Staphylococcus	0.0427944025256857	0.0381637058017326	0.0390843938522618	0.0333588964043466	0.0308999006337351	0.0364983693356204	0.045854208389371	0.108304167685077	0.0494054705841127	0.102819021517671	0.0539919735537788	0.0531914972926766	0.0460914230103878	0.0483411337244649	0.0423540706153011	0.114321609561524	0.0681727508208824	0.104667314382405	0.0359862323971546	0.0453098845977158	0.108735812617283	0.100217779351	0.432361781981805	0.047350085573984	0.0959348869876653	0.12477114553049	0.045854208389371	0.047229037265835	0	0.0447954884879519
Siderophore_Enterobactin	0.0427944025256857	0.0381637058017326	0.0390843938522618	0.0333588964043466	0.0308999006337351	0.0364983693356204	0.045854208389371	0.190247902634204	0.0494054705841127	0.102819021517671	0.0539919735537788	0.0531914972926766	0.0460914230103878	0.0483411337244649	0.0423540706153011	0.114321609561524	0.0681727508208824	0.104667314382405	0.0359862323971546	0.0453098845977158	0.108735812617283	0.100217779351	0.128725954950927	0.047350085573984	0.0959348869876653	0.12477114553049	0.045854208389371	0.047229037265835	0	0.0447954884879519
Sphingolipid_biosynthesis	0.0427944025256857	0.0381637058017326	0.0390843938522618	0.0333588964043466	0.0308999006337351	0.0364983693356204	0.045854208389371	0.108304167685077	0.0494054705841127	0.102819021517671	0.0539919735537788	0.0531914972926766	0.0460914230103878	0.0483411337244649	0.0423540706153011	0.114321609561524	0.0681727508208824	0.104667314382405	0.0359862323971546	0.0453098845977158	0.108735812617283	0.456535017184058	0.128725954950927	0.047350085573984	0.0959348869876653	0.12477114553049	0.045854208389371	0.047229037265835	0	0.0447954884879519
Sporulation_Cluster_III_A	0.0427944025256857	0.0381637058017326	0.0390843938522618	0.0333588964043466	0.0308999006337351	0.0364983693356204	0.045854208389371	0.108304167685077	0.0494054705841127	0.102819021517671	0.0539919735537788	0.0531914972926766	0.0460914230103878	0.0483411337244649	0.0423540706153011	0.114321609561524	0.0681727508208824	0.266557122285094	0.0359862323971546	0.0453098845977158	0.108735812617283	0.298916344024108	0.128725954950927	0.047350085573984	0.0959348869876653	0.12477114553049	0.045854208389371	0.047229037265835	0	0.0447954884879519
Staphylococcal_accessory_gene_regulator_system	0.0427944025256857	0.0381637058017326	0.0390843938522618	0.0333588964043466	0.0308999006337351	0.0364983693356204	0.045854208389371	0.108304167685077	0.0494054705841127	0.102819021517671	0.0539919735537788	0.0531914972926766	0.0460914230103878	0.0483411337244649	0.0423540706153011	0.114321609561524	0.334275734101309	0.104667314382405	0.0359862323971546	0.0453098845977158	0.108735812617283	0.360432387878439	0.128725954950927	0.047350085573984	0.354551165560464	0.12477114553049	0.045854208389371	0.047229037265835	0	0.0447954884879519
Streptococcus_agalactiae_virulome	0.456831330089037	0.441449938869533	0.436590510172612	0.426715638477577	0.425226470973989	0.389733451427097	0.358123086076653	0.108304167685077	0.363581467640927	0.102819021517671	0.370162531579304	0.381594481844676	0.380350866101558	0.39364756580474	0.350966980207715	0.114321609561524	0.0681727508208824	0.104667314382405	0.420195661721717	0.440265566484054	0.108735812617283	0.100217779351	0.128725954950927	0.380857219985662	0.0959348869876653	0.12477114553049	0.40983966454747	0.355430639508932	0.408425255449432	0.414026592406297
Streptococcus_pneumoniae_Vancomycin_Tolerance_Locus	0.0427944025256857	0.0381637058017326	0.0390843938522618	0.0333588964043466	0.0308999006337351	0.0364983693356204	0.045854208389371	0.108304167685077	0.0494054705841127	0.102819021517671	0.0539919735537788	0.0531914972926766	0.0460914230103878	0.0483411337244649	0.0423540706153011	0.114321609561524	0.313748833419935	0.104667314382405	0.0359862323971546	0.0453098845977158	0.108735812617283	0.100217779351	0.128725954950927	0.047350085573984	0.0959348869876653	0.12477114553049	0.045854208389371	0.047229037265835	0	0.0447954884879519
Streptothricin_resistance	0.0427944025256857	0.0381637058017326	0.0390843938522618	0.0333588964043466	0.0308999006337351	0.0364983693356204	0.045854208389371	0.108304167685077	0.0494054705841127	0.102819021517671	0.0539919735537788	0.0531914972926766	0.0460914230103878	0.0483411337244649	0.0423540706153011	0.114321609561524	0.302645142816512	0.104667314382405	0.0359862323971546	0.0453098845977158	0.108735812617283	0.100217779351	0.128725954950927	0.047350085573984	0.0959348869876653	0.12477114553049	0.045854208389371	0.047229037265835	0	0.0447954884879519
Sucrose-specific_PTS	0.0427944025256857	0.0381637058017326	0.0390843938522618	0.0333588964043466	0.0308999006337351	0.0364983693356204	0.045854208389371	0.108304167685077	0.0494054705841127	0.102819021517671	0.0539919735537788	0.0531914972926766	0.0460914230103878	0.0483411337244649	0.0423540706153011	0.469108840102612	0.424541794839159	0.104667314382405	0.0359862323971546	0.0453098845977158	0.108735812617283	0.4438921517577	0.128725954950927	0.047350085573984	0.0959348869876653	0.12477114553049	0.045854208389371	0.047229037265835	0	0.0447954884879519
Sugar_utilization_in_Thermotogales	0.0427944025256857	0.0381637058017326	0.0390843938522618	0.0333588964043466	0.0308999006337351	0.0364983693356204	0.045854208389371	1	0.0494054705841127	0.102819021517671	0.0539919735537788	0.0531914972926766	0.0460914230103878	0.0483411337244649	0.0423540706153011	0.114321609561524	0.915057416310612	0.104667314382405	0.0359862323971546	0.0453098845977158	0.108735812617283	0.960441832952296	0.128725954950927	0.047350085573984	0.961522513319062	0.12477114553049	0.045854208389371	0.047229037265835	0	0.0447954884879519
Sulfatases_and_sulfatase_modifying_factor_1	0.0427944025256857	0.0381637058017326	0.0390843938522618	0.0333588964043466	0.0308999006337351	0.0364983693356204	0.045854208389371	0.108304167685077	0.0494054705841127	0.102819021517671	0.0539919735537788	0.0531914972926766	0.0460914230103878	0.0483411337244649	0.0423540706153011	0.114321609561524	0.577001528060478	0.104667314382405	0.0359862323971546	0.0453098845977158	0.108735812617283	0.594056940718914	0.128725954950927	0.047350085573984	0.621504946164305	0.12477114553049	0.045854208389371	0.047229037265835	0	0.0447954884879519
TCA_Cycle	0.0427944025256857	0.0381637058017326	0.0390843938522618	0.0333588964043466	0.0308999006337351	0.0364983693356204	0.045854208389371	0.108304167685077	0.0494054705841127	0.102819021517671	0.0539919735537788	0.0531914972926766	0.0460914230103878	0.0483411337244649	0.0423540706153011	0.114321609561524	0.64262750357992	0.104667314382405	0.0359862323971546	0.0453098845977158	0.108735812617283	0.100217779351	0.128725954950927	0.047350085573984	0.0959348869876653	0.12477114553049	0.045854208389371	0.047229037265835	0	0.0447954884879519
Teichoic_and_lipoteichoic_acids_biosynthesis	0.0427944025256857	0.0381637058017326	0.0390843938522618	0.0333588964043466	0.0308999006337351	0.0364983693356204	0.045854208389371	0.108304167685077	0.0494054705841127	0.102819021517671	0.0539919735537788	0.0531914972926766	0.0460914230103878	0.0483411337244649	0.0423540706153011	0.114321609561524	0.393528117111864	0.104667314382405	0.0359862323971546	0.0453098845977158	0.108735812617283	0.100217779351	0.128725954950927	0.047350085573984	0.0959348869876653	0.12477114553049	0.045854208389371	0.047229037265835	0	0.0447954884879519
Terminal_cytochrome_d_ubiquinol_oxidases	0.0427944025256857	0.0381637058017326	0.0390843938522618	0.0333588964043466	0.0308999006337351	0.0364983693356204	0.045854208389371	0.509954293080857	0.0494054705841127	0.102819021517671	0.0539919735537788	0.0531914972926766	0.0460914230103878	0.0483411337244649	0.0423540706153011	0.114321609561524	0.453056602604169	0.104667314382405	0.0359862323971546	0.0453098845977158	0.108735812617283	0.495098567168712	0.128725954950927	0.047350085573984	0.483340853291014	0.12477114553049	0.045854208389371	0.047229037265835	0	0.0447954884879519
The_fimbrial_Sfm_cluster	0.0427944025256857	0.0381637058017326	0.0390843938522618	0.0333588964043466	0.0308999006337351	0.0364983693356204	0.045854208389371	0.108304167685077	0.0494054705841127	0.102819021517671	0.0539919735537788	0.0531914972926766	0.0460914230103878	0.0483411337244649	0.0423540706153011	0.165131100648785	0.30275016154338	0.104667314382405	0.0359862323971546	0.0453098845977158	0.108735812617283	0.24999074788582	0.128725954950927	0.047350085573984	0.0959348869876653	0.12477114553049	0.045854208389371	0.047229037265835	0	0.0447954884879519
The_fimbrial_Stf_cluster	0.0427944025256857	0.0381637058017326	0.0390843938522618	0.0333588964043466	0.0308999006337351	0.0364983693356204	0.045854208389371	0.108304167685077	0.0494054705841127	0.102819021517671	0.0539919735537788	0.0531914972926766	0.0460914230103878	0.0483411337244649	0.0423540706153011	0.114321609561524	0.301795072948891	0.104667314382405	0.0359862323971546	0.0453098845977158	0.108735812617283	0.156181642061312	0.128725954950927	0.047350085573984	0.200459616755725	0.12477114553049	0.045854208389371	0.047229037265835	0	0.0447954884879519
The_mdtABCD_multidrug_resistance_cluster	0.0427944025256857	0.0381637058017326	0.0390843938522618	0.0333588964043466	0.0308999006337351	0.0364983693356204	0.045854208389371	0.554084356177146	0.0494054705841127	0.555938665429907	0.0539919735537788	0.0531914972926766	0.0460914230103878	0.0483411337244649	0.0423540706153011	0.114321609561524	0.506233450753684	0.554981533421009	0.0359862323971546	0.0453098845977158	0.560882351125364	0.540168473433791	0.128725954950927	0.047350085573984	0.514841228503118	0.12477114553049	0.045854208389371	0.047229037265835	0	0.0447954884879519
Tn552	0.0427944025256857	0.0381637058017326	0.0390843938522618	0.0333588964043466	0.0308999006337351	0.0364983693356204	0.045854208389371	0.108304167685077	0.0494054705841127	0.405252079230171	0.0539919735537788	0.0531914972926766	0.0460914230103878	0.0483411337244649	0.0423540706153011	0.41847231987277	0.0681727508208824	0.104667314382405	0.0359862323971546	0.0453098845977158	0.400232636225716	0.100217779351	0.435751715562222	0.047350085573984	0.380238410556014	0.42120548976201	0.045854208389371	0.047229037265835	0	0.0447954884879519
Ton_and_Tol_transport_systems	0.0427944025256857	0.0381637058017326	0.0390843938522618	0.0333588964043466	0.0308999006337351	0.0364983693356204	0.045854208389371	0.108304167685077	0.0494054705841127	0.102819021517671	0.0539919735537788	0.0531914972926766	0.0460914230103878	0.0483411337244649	0.0423540706153011	0.114321609561524	0.84699877128821	0.104667314382405	0.0359862323971546	0.0453098845977158	0.108735812617283	0.100217779351	0.128725954950927	0.047350085573984	0.0959348869876653	0.12477114553049	0.045854208389371	0.047229037265835	0	0.0447954884879519
Toxin-antitoxin_replicon_stabilization_systems	0.0427944025256857	0.0381637058017326	0.0390843938522618	0.0333588964043466	0.0308999006337351	0.0364983693356204	0.045854208389371	0.108304167685077	0.0494054705841127	0.102819021517671	0.0539919735537788	0.0531914972926766	0.0460914230103878	0.0483411337244649	0.0423540706153011	0.114321609561524	0.272943388846748	0.104667314382405	0.0359862323971546	0.0453098845977158	0.108735812617283	0.100217779351	0.128725954950927	0.047350085573984	0.0959348869876653	0.12477114553049	0.045854208389371	0.047229037265835	0	0.0447954884879519
Transcription_initiation,_bacterial_sigma_factors	0.0427944025256857	0.0381637058017326	0.0390843938522618	0.0333588964043466	0.0308999006337351	0.0364983693356204	0.045854208389371	0.108304167685077	0.0494054705841127	0.102819021517671	0.0539919735537788	0.0531914972926766	0.0460914230103878	0.0483411337244649	0.0423540706153011	0.114321609561524	0.487053491865003	0.104667314382405	0.0359862323971546	0.0453098845977158	0.108735812617283	0.100217779351	0.128725954950927	0.047350085573984	0.0959348869876653	0.12477114553049	0.045854208389371	0.047229037265835	0	0.0447954884879519
Translation_elongation_factor_G_family	0.0427944025256857	0.0381637058017326	0.0390843938522618	0.0333588964043466	0.0308999006337351	0.0364983693356204	0.045854208389371	0.634918033545673	0.0494054705841127	0.102819021517671	0.0539919735537788	0.0531914972926766	0.0460914230103878	0.0483411337244649	0.0423540706153011	0.114321609561524	0.556935417627666	0.104667314382405	0.0359862323971546	0.0453098845977158	0.108735812617283	0.625946832503306	0.128725954950927	0.047350085573984	0.586522840815427	0.12477114553049	0.045854208389371	0.047229037265835	0	0.0447954884879519
Translation_elongation_factors_bacterial	0.0427944025256857	0.0381637058017326	0.0390843938522618	0.0333588964043466	0.0308999006337351	0.0364983693356204	0.045854208389371	0.108304167685077	0.0494054705841127	0.102819021517671	0.0539919735537788	0.0531914972926766	0.0460914230103878	0.0483411337244649	0.0423540706153011	0.114321609561524	0.632300611996679	0.104667314382405	0.0359862323971546	0.0453098845977158	0.108735812617283	0.100217779351	0.128725954950927	0.047350085573984	0.0959348869876653	0.12477114553049	0.045854208389371	0.047229037265835	0	0.0447954884879519
Translation_initiation_factors_eukaryotic_and_archaeal	0.0427944025256857	0.0381637058017326	0.0390843938522618	0.0333588964043466	0.0308999006337351	0.0364983693356204	0.045854208389371	0.578589969443328	0.0494054705841127	0.555274459198668	0.0539919735537788	0.0531914972926766	0.0460914230103878	0.0483411337244649	0.0423540706153011	0.114321609561524	0.511980466073298	0.59266803164338	0.0359862323971546	0.0453098845977158	0.108735812617283	0.552312400462087	0.128725954950927	0.047350085573984	0.0959348869876653	0.12477114553049	0.045854208389371	0.047229037265835	0	0.0447954884879519
Transport_of_Iron	0.0427944025256857	0.0381637058017326	0.0390843938522618	0.0333588964043466	0.0308999006337351	0.0364983693356204	0.045854208389371	0.588409051316737	0.0494054705841127	0.102819021517671	0.0539919735537788	0.0531914972926766	0.0460914230103878	0.0483411337244649	0.0423540706153011	0.114321609561524	0.0681727508208824	0.104667314382405	0.0359862323971546	0.0453098845977158	0.108735812617283	0.553983857887149	0.128725954950927	0.047350085573984	0.558271730184043	0.12477114553049	0.045854208389371	0.047229037265835	0	0.0447954884879519
trimethylamine_N-oxide_(TMAO)_reductase	0.0427944025256857	0.0381637058017326	0.0390843938522618	0.0333588964043466	0.0308999006337351	0.0364983693356204	0.045854208389371	0.108304167685077	0.0494054705841127	0.102819021517671	0.0539919735537788	0.0531914972926766	0.0460914230103878	0.0483411337244649	0.0423540706153011	0.114321609561524	0.323119992687436	0.104667314382405	0.0359862323971546	0.0453098845977158	0.108735812617283	0.100217779351	0.128725954950927	0.047350085573984	0.179151188002513	0.12477114553049	0.045854208389371	0.047229037265835	0	0.0447954884879519
tRNA_aminoacylation,_Met	0.0427944025256857	0.0381637058017326	0.0390843938522618	0.0333588964043466	0.0308999006337351	0.0364983693356204	0.045854208389371	0.547349839606136	0.0494054705841127	0.102819021517671	0.0539919735537788	0.0531914972926766	0.0460914230103878	0.0483411337244649	0.0423540706153011	0.562582560592404	0.0681727508208824	0.559115790852323	0.0359862323971546	0.0453098845977158	0.108735812617283	0.100217779351	0.128725954950927	0.047350085573984	0.496809949314978	0.12477114553049	0.045854208389371	0.047229037265835	0	0.0447954884879519
tRNA_modification_Bacteria	0.0427944025256857	0.0381637058017326	0.0390843938522618	0.0333588964043466	0.0308999006337351	0.0364983693356204	0.045854208389371	0.108304167685077	0.0494054705841127	0.102819021517671	0.0539919735537788	0.0531914972926766	0.0460914230103878	0.0483411337244649	0.0423540706153011	0.114321609561524	0.0681727508208824	0.104667314382405	0.0359862323971546	0.0453098845977158	0.816566145444752	0.100217779351	0.128725954950927	0.047350085573984	0.0959348869876653	0.12477114553049	0.045854208389371	0.047229037265835	0	0.0447954884879519
tRNAmodification_position_34	0.0427944025256857	0.0381637058017326	0.0390843938522618	0.0333588964043466	0.0308999006337351	0.0364983693356204	0.045854208389371	0.108304167685077	0.0494054705841127	0.102819021517671	0.0539919735537788	0.0531914972926766	0.0460914230103878	0.0483411337244649	0.0423540706153011	0.114321609561524	0.63507796181865	0.104667314382405	0.0359862323971546	0.0453098845977158	0.108735812617283	0.100217779351	0.128725954950927	0.047350085573984	0.0959348869876653	0.12477114553049	0.045854208389371	0.047229037265835	0	0.0447954884879519
Two_cell_division_clusters_relating_to_chromosome_partitioning	0.0427944025256857	0.0381637058017326	0.0390843938522618	0.0333588964043466	0.0308999006337351	0.0364983693356204	0.045854208389371	0.108304167685077	0.0494054705841127	0.102819021517671	0.0539919735537788	0.0531914972926766	0.0460914230103878	0.0483411337244649	0.0423540706153011	0.114321609561524	0.59619961627688	0.104667314382405	0.0359862323971546	0.0453098845977158	0.640886675227198	0.650067855275663	0.128725954950927	0.047350085573984	0.601131376701256	0.12477114553049	0.045854208389371	0.047229037265835	0	0.0447954884879519
Type_1_pili_(mannose-sensitive_fimbriae,_gamma-fimbriae)	0.0427944025256857	0.0381637058017326	0.0390843938522618	0.0333588964043466	0.0308999006337351	0.0364983693356204	0.045854208389371	0.205930258250209	0.0494054705841127	0.102819021517671	0.0539919735537788	0.0531914972926766	0.0460914230103878	0.0483411337244649	0.0423540706153011	0.114321609561524	0.329963584209748	0.104667314382405	0.0359862323971546	0.0453098845977158	0.108735812617283	0.254595543485006	0.128725954950927	0.047350085573984	0.0959348869876653	0.12477114553049	0.045854208389371	0.047229037265835	0	0.0447954884879519
Type_III_secretion_systems	0.0427944025256857	0.0381637058017326	0.0390843938522618	0.0333588964043466	0.0308999006337351	0.0364983693356204	0.045854208389371	0.161274014815659	0.0494054705841127	0.102819021517671	0.0539919735537788	0.0531914972926766	0.0460914230103878	0.0483411337244649	0.0423540706153011	0.114321609561524	0.330219421899942	0.104667314382405	0.0359862323971546	0.0453098845977158	0.108735812617283	0.234614979363593	0.128725954950927	0.047350085573984	0.0959348869876653	0.12477114553049	0.045854208389371	0.047229037265835	0	0.0447954884879519
UDP-N-acetylmuramate_from_Fructose-6-phosphate_Biosynthesis	0.0427944025256857	0.0381637058017326	0.0390843938522618	0.0333588964043466	0.0308999006337351	0.0364983693356204	0.045854208389371	0.108304167685077	0.0494054705841127	0.102819021517671	0.0539919735537788	0.0531914972926766	0.0460914230103878	0.0483411337244649	0.0423540706153011	0.114321609561524	0.0681727508208824	0.104667314382405	0.0359862323971546	0.0453098845977158	0.108735812617283	0.100217779351	0.128725954950927	0.047350085573984	0.585362275085055	0.12477114553049	0.045854208389371	0.047229037265835	0	0.0447954884879519
Uncharacterized_sugar_kinase_cluster_(ygc)	0.0427944025256857	0.0381637058017326	0.0390843938522618	0.0333588964043466	0.0308999006337351	0.0364983693356204	0.045854208389371	0.108304167685077	0.0494054705841127	0.102819021517671	0.0539919735537788	0.0531914972926766	0.0460914230103878	0.0483411337244649	0.0423540706153011	0.114321609561524	0.0681727508208824	0.104667314382405	0.0359862323971546	0.0453098845977158	0.108735812617283	0.244976765296694	0.128725954950927	0.047350085573984	0.0959348869876653	0.12477114553049	0.045854208389371	0.047229037265835	0	0.0447954884879519
Universal_GTPases	0.0427944025256857	0.0381637058017326	0.0390843938522618	0.0333588964043466	0.0308999006337351	0.0364983693356204	0.045854208389371	0.108304167685077	0.0494054705841127	0.102819021517671	0.0539919735537788	0.0531914972926766	0.0460914230103878	0.0483411337244649	0.0423540706153011	0.114321609561524	0.748496710715871	0.104667314382405	0.0359862323971546	0.0453098845977158	0.108735812617283	0.100217779351	0.128725954950927	0.047350085573984	0.0959348869876653	0.12477114553049	0.045854208389371	0.047229037265835	0	0.0447954884879519
Universal_stress_protein_family	0.0427944025256857	0.0381637058017326	0.0390843938522618	0.0333588964043466	0.0308999006337351	0.0364983693356204	0.045854208389371	0.108304167685077	0.0494054705841127	0.102819021517671	0.0539919735537788	0.0531914972926766	0.0460914230103878	0.0483411337244649	0.0423540706153011	0.114321609561524	0.299360576152433	0.104667314382405	0.0359862323971546	0.0453098845977158	0.108735812617283	0.225217650920243	0.128725954950927	0.047350085573984	0.225322794889484	0.12477114553049	0.045854208389371	0.047229037265835	0	0.0447954884879519
Unknown_oligosaccharide_utilization_Sde_1396	0.0427944025256857	0.0381637058017326	0.0390843938522618	0.0333588964043466	0.0308999006337351	0.0364983693356204	0.045854208389371	0.108304167685077	0.0494054705841127	0.102819021517671	0.0539919735537788	0.0531914972926766	0.0460914230103878	0.0483411337244649	0.0423540706153011	0.114321609561524	0.0681727508208824	0.104667314382405	0.0359862323971546	0.0453098845977158	0.108735812617283	0.100217779351	0.413432887845634	0.047350085573984	0.0959348869876653	0.12477114553049	0.045854208389371	0.047229037265835	0	0.0447954884879519
Xanthosine_utilization_(xap_region)	0.0427944025256857	0.0381637058017326	0.0390843938522618	0.0333588964043466	0.0308999006337351	0.0364983693356204	0.045854208389371	0.108304167685077	0.0494054705841127	0.375829920392976	0.0539919735537788	0.0531914972926766	0.0460914230103878	0.0483411337244649	0.0423540706153011	0.114321609561524	0.0681727508208824	0.389750098184825	0.0359862323971546	0.0453098845977158	0.368351396858749	0.100217779351	0.128725954950927	0.047350085573984	0.0959348869876653	0.12477114553049	0.045854208389371	0.047229037265835	0	0.0447954884879519
Xyloglucan_Utilization	0.0427944025256857	0.0381637058017326	0.0390843938522618	0.0333588964043466	0.0308999006337351	0.0364983693356204	0.045854208389371	0.576575914293773	0.0494054705841127	0.579391995717799	0.0539919735537788	0.0531914972926766	0.0460914230103878	0.0483411337244649	0.0423540706153011	0.614714324655126	0.524790917205485	0.578296519485875	0.0359862323971546	0.0453098845977158	0.58771809777432	0.575633236539326	0.630348624656407	0.047350085573984	0.550385783125362	0.593103671122537	0.045854208389371	0.047229037265835	0	0.0447954884879519
YcfH	0.437885052154739	0.453927233471651	0.445962067786444	0.439841505090337	0.442333457726507	0.453522531110955	0.045854208389371	0.108304167685077	0.434560323448438	0.375305070127077	0.0539919735537788	0.0531914972926766	0.0460914230103878	0.0483411337244649	0.0423540706153011	0.114321609561524	0.0681727508208824	0.104667314382405	0.451589352764004	0.452699184732639	0.108735812617283	0.100217779351	0.128725954950927	0.414482277618071	0.0959348869876653	0.12477114553049	0.045854208389371	0.047229037265835	0.395046510761426	0.0447954884879519
Arginine_Deiminase_Pathway	0.519549959803035	0.523265725583045	0.517070576632418	0.506457383226749	0.52283342940861	0.526695088880349	0.44204187637542	0.108304167685077	0.517250015055103	0.102819021517671	0.454262220971158	0.490324712997065	0.553070160764192	0.455676200118417	0.508424161475678	0.114321609561524	0.0681727508208824	0.104667314382405	0.530622198600521	0.541553066366822	0.108735812617283	0.100217779351	0.128725954950927	0.50245631300383	0.0959348869876653	0.12477114553049	0.42331288172914	0.481469854457118	0.45980686523716	0.421977000016229
CBSS-193567.1.peg.90	0.39471562454692	0.39030635312666	0.38323537875849	0.377660588183772	0.378700774643038	0.387506689866465	0.045854208389371	0.108304167685077	0.358222267751735	0.102819021517671	0.0539919735537788	0.0531914972926766	0.0460914230103878	0.0483411337244649	0.0423540706153011	0.114321609561524	0.0681727508208824	0.104667314382405	0.399891425644414	0.37836322462258	0.108735812617283	0.100217779351	0.128725954950927	0.047350085573984	0.0959348869876653	0.12477114553049	0.045854208389371	0.047229037265835	0.359832704629834	0.363844649139537
COG1836	0.523995716389364	0.514090626650228	0.50840753015463	0.505868066570654	0.499736198542664	0.52366231096037	0.427972404817896	0.108304167685077	0.49230319107896	0.102819021517671	0.444077418521864	0.46603440819263	0.529155528250954	0.479472461805151	0.43430102013331	0.114321609561524	0.0681727508208824	0.104667314382405	0.518092728296511	0.518056516138899	0.108735812617283	0.100217779351	0.128725954950927	0.507507570664489	0.0959348869876653	0.12477114553049	0.450509861280577	0.419656690769514	0.46865513417456	0.447341075038781
Cadmium_resistance	0.456569394794489	0.437638549203187	0.426478624832079	0.431318985877201	0.443084903112869	0.446422601866836	0.385887803273645	0.108304167685077	0.420897433348965	0.230609413091693	0.403408380774162	0.430947455887172	0.438776754264174	0.424300193427198	0.345000362144618	0.114321609561524	0.0681727508208824	0.104667314382405	0.444916480207581	0.421266998686247	0.20369492341108	0.100217779351	0.128725954950927	0.41128781992349	0.0959348869876653	0.12477114553049	0.414918671499959	0.404905182739841	0.407885501961854	0.411863234186832
Fatty_Acid_Biosynthesis_FASII	0.662568293370531	0.660218737908539	0.656129297008336	0.640336340770798	0.653364561965613	0.675716133517343	0.592860270729198	0.108304167685077	0.677128499894835	0.102819021517671	0.0539919735537788	0.640984728066761	0.655611375879304	0.570226432230587	0.57998839610929	0.114321609561524	0.0681727508208824	0.104667314382405	0.66966491767046	0.665998120379985	0.108735812617283	0.100217779351	0.128725954950927	0.600987397754566	0.0959348869876653	0.12477114553049	0.587151085493971	0.57094442046017	0.602267256141282	0.585617507090083
Serine-glyoxylate_cycle	0.0427944025256857	0.0381637058017326	0.0390843938522618	0.0333588964043466	0.0308999006337351	0.0364983693356204	0.045854208389371	0.897136160192192	0.0494054705841127	0.102819021517671	0.0539919735537788	0.0531914972926766	0.0460914230103878	0.0483411337244649	0.745344333368969	0.93850840814357	0.810782925405331	0.104667314382405	0.0359862323971546	0.0453098845977158	0.108735812617283	0.100217779351	0.128725954950927	0.047350085573984	0.0959348869876653	0.12477114553049	0.045854208389371	0.047229037265835	0	0.0447954884879519
NAD_consumption	0.518247092658422	0.500846771107174	0.495634230195003	0.493807133748461	0.521206746247039	0.513373617733942	0.045854208389371	0.553950465467467	0.512133034093643	0.534688075354216	0.0539919735537788	0.0531914972926766	0.0460914230103878	0.471436818398048	0.0423540706153011	0.583203852874476	0.492337125322854	0.568980517040128	0.512248593230986	0.509296912387061	0.521255243447412	0.534187216245583	0.589111497401101	0.479593334254548	0.506084482767767	0.578636061134738	0.045854208389371	0.047229037265835	0.460229576889927	0.0447954884879519
Nucleoside_Catabolism_cluster	0.55644953078608	0.546950431407829	0.559331515149124	0.538592377598748	0.56256588324399	0.550658656389412	0.454152846862292	0.108304167685077	0.546687541031207	0.102819021517671	0.453907820412637	0.0531914972926766	0.54828439002487	0.482067189993744	0.484325836708243	0.114321609561524	0.0681727508208824	0.104667314382405	0.560108083658052	0.544872863761861	0.108735812617283	0.100217779351	0.128725954950927	0.485932825317127	0.0959348869876653	0.12477114553049	0.500257034023855	0.480062124984313	0.490752696831733	0.487616598523988
Legionaminic_Acid_Biosynthesis	0.439785347356031	0.414517319567652	0.433017475957148	0.422505796663459	0.410424943142664	0.364662983219361	0.045854208389371	0.108304167685077	0.390842992902074	0.102819021517671	0.0539919735537788	0.0531914972926766	0.0460914230103878	0.0483411337244649	0.0423540706153011	0.114321609561524	0.486388779437502	0.104667314382405	0.374250782394971	0.444357252398146	0.108735812617283	0.533773160389698	0.128725954950927	0.047350085573984	0.0959348869876653	0.12477114553049	0.045854208389371	0.047229037265835	0.390250569982973	0.0447954884879519
CBSS-246196.1.peg.364	0.480149051566246	0.440946002235314	0.442945229007251	0.434631345009427	0.465048586230723	0.476032277693287	0.045854208389371	0.108304167685077	0.45945004167364	0.102819021517671	0.0539919735537788	0.0531914972926766	0.0460914230103878	0.0483411337244649	0.0423540706153011	0.114321609561524	0.0681727508208824	0.104667314382405	0.478072670812184	0.455605137019437	0.108735812617283	0.100217779351	0.128725954950927	0.047350085573984	0.0959348869876653	0.12477114553049	0.357962266911738	0.047229037265835	0.428791180292268	0.355618199935219
