	mgm4472160.3	mgm4472167.3	mgm4472253.3	mgm4472255.3	mgm4472304.3	mgm4472305.3	mgm4472312.3	mgm4472337.3	mgm4472353.3	mgm4472361.3	mgm4472397.3	mgm4472419.3	mgm4472428.3	mgm4472444.3	mgm4472462.3	mgm4472464.3	mgm4472467.3	mgm4472473.3	mgm4472484.3	mgm4472495.3	mgm4472580.3	mgm4472586.3	mgm4472682.3	mgm4472751.3	mgm4472934.3	mgm4473326.3	mgm4473472.3	mgm4473666.3	mgm4478487.3	mgm4478571.3
4-Hydroxyphenylacetic_acid_catabolic_pathway	0.0140494760173113	0.0140494760173113	0.0140494760173113	0.0142036864807247	0.0140494760173113	0.0140494760173113	0.0142036864807247	0.0111181458944935	0.0159845704499715	0.0171413951587781	0.0144816151879322	0.0146709962372866	0.0159845704499715	0.0200998768823298	0.0144816151879322	0.0147947497227448	0	0.0147947497227448	0.0147947497227448	0.0159845704499715	0.0159845704499715	0	0.0182482326002883	0.0182482326002883	0	0.0205644460889909	0.0142036864807247	0.200689196301794	0.0140494760173113	0.0142036864807247
A_conserved_operon_linked_to_TyrR_and_possibly_involved_in_virulence	0.0140494760173113	0.0140494760173113	0.0140494760173113	0.0142036864807247	0.0140494760173113	0.0140494760173113	0.0142036864807247	0.28118123578001	0.0159845704499715	0.0171413951587781	0.0144816151879322	0.0146709962372866	0.0159845704499715	0.0200998768823298	0.0144816151879322	0.0147947497227448	0	0.0147947497227448	0.0147947497227448	0.0159845704499715	0.22856492548475	0	0.0182482326002883	0.0182482326002883	0	0.0205644460889909	0.0142036864807247	0.0144816151879322	0.0140494760173113	0.0142036864807247
A_Glutathione-dependent_Thiol_Reductase_Associated_with_a_Step_in_Lysine_Biosynthesis	0.0140494760173113	0.0140494760173113	0.0140494760173113	0.0142036864807247	0.0140494760173113	0.0140494760173113	0.0142036864807247	0.0111181458944935	0.0159845704499715	0.291564534235418	0.0144816151879322	0.0146709962372866	0.0159845704499715	0.0200998768823298	0.0144816151879322	0.0147947497227448	0.321371194036723	0.0147947497227448	0.0147947497227448	0.0159845704499715	0.0159845704499715	0.224629795467028	0.0182482326002883	0.0182482326002883	0	0.0205644460889909	0.0142036864807247	0.0144816151879322	0.0140494760173113	0.0142036864807247
A_toxin-antitoxin_module_cotranscribed_with_DinB	0.0140494760173113	0.0140494760173113	0.0140494760173113	0.0142036864807247	0.0140494760173113	0.0140494760173113	0.0142036864807247	0.0111181458944935	0.0159845704499715	0.0171413951587781	0.0144816151879322	0.0146709962372866	0.0159845704499715	0.0200998768823298	0.0144816151879322	0.0147947497227448	0.353671771171212	0.0147947497227448	0.0147947497227448	0.0159845704499715	0.0159845704499715	0.244944698338669	0.0182482326002883	0.0182482326002883	0	0.0205644460889909	0.0142036864807247	0.0144816151879322	0.0140494760173113	0.0142036864807247
ABC_transporter_of_unknown_substrate_X	0.0140494760173113	0.0140494760173113	0.0140494760173113	0.0142036864807247	0.0140494760173113	0.0140494760173113	0.0142036864807247	0.0111181458944935	0.0159845704499715	0.0171413951587781	0.0144816151879322	0.0146709962372866	0.0159845704499715	0.0200998768823298	0.0144816151879322	0.0147947497227448	0	0.0147947497227448	0.0147947497227448	0.0159845704499715	0.288913317935249	0	0.0182482326002883	0.0182482326002883	0	0.0205644460889909	0.0142036864807247	0.0144816151879322	0.0140494760173113	0.0142036864807247
Acetone_carboxylase	0.0140494760173113	0.222634422856175	0.0140494760173113	0.0142036864807247	0.0140494760173113	0.0140494760173113	0.0142036864807247	0.0111181458944935	0.0159845704499715	0.0171413951587781	0.0144816151879322	0.0146709962372866	0.0159845704499715	0.0200998768823298	0.0144816151879322	0.0147947497227448	0	0.0147947497227448	0.0147947497227448	0.0159845704499715	0.0159845704499715	0	0.0182482326002883	0.0182482326002883	0	0.0205644460889909	0.0142036864807247	0.0144816151879322	0.0140494760173113	0.0142036864807247
Adhesins_in_Staphylococcus	0.0140494760173113	0.20057600473494	0.0140494760173113	0.0142036864807247	0.0140494760173113	0.0140494760173113	0.0142036864807247	0.0111181458944935	0.0159845704499715	0.0171413951587781	0.0144816151879322	0.0146709962372866	0.0159845704499715	0.0200998768823298	0.0144816151879322	0.0147947497227448	0	0.0147947497227448	0.0147947497227448	0.0159845704499715	0.0159845704499715	0	0.0182482326002883	0.0182482326002883	0	0.0205644460889909	0.0142036864807247	0.0144816151879322	0.0140494760173113	0.0142036864807247
Allantoin_Utilization	0.0140494760173113	0.0140494760173113	0.0140494760173113	0.0142036864807247	0.0140494760173113	0.0140494760173113	0.0142036864807247	0.0111181458944935	0.0159845704499715	0.0171413951587781	0.0144816151879322	0.0146709962372866	0.0159845704499715	0.0200998768823298	0.0144816151879322	0.0147947497227448	0	0.0147947497227448	0.0147947497227448	0.0159845704499715	0.0159845704499715	0.224629795467028	0.0182482326002883	0.0182482326002883	0	0.0205644460889909	0.0142036864807247	0.0144816151879322	0.0140494760173113	0.0142036864807247
alpha-Fimbriae	0.0140494760173113	0.0140494760173113	0.0140494760173113	0.0142036864807247	0.0140494760173113	0.0140494760173113	0.0142036864807247	0.0111181458944935	0.0159845704499715	0.0171413951587781	0.0144816151879322	0.0146709962372866	0.0159845704499715	0.0200998768823298	0.0144816151879322	0.0147947497227448	0	0.0147947497227448	0.0147947497227448	0.0159845704499715	0.0159845704499715	0.305899449479664	0.0182482326002883	0.0182482326002883	0	0.0205644460889909	0.0142036864807247	0.0144816151879322	0.0140494760173113	0.0142036864807247
Archaeal_membrane_bound_hydrogenases	0.0140494760173113	0.0140494760173113	0.0140494760173113	0.0142036864807247	0.0140494760173113	0.0140494760173113	0.0142036864807247	0.0111181458944935	0.0159845704499715	0.0171413951587781	0.0144816151879322	0.0146709962372866	0.0159845704499715	0.0200998768823298	0.0144816151879322	0.0147947497227448	0.219084563823078	0.0147947497227448	0.0147947497227448	0.0159845704499715	0.24862057164736	0	0.0182482326002883	0.0182482326002883	0	0.0205644460889909	0.0142036864807247	0.0144816151879322	0.0140494760173113	0.0142036864807247
Aromatic_Amin_Catabolism	0.0140494760173113	0.0140494760173113	0.0140494760173113	0.0142036864807247	0.0140494760173113	0.0140494760173113	0.0142036864807247	0.0111181458944935	0.0159845704499715	0.0171413951587781	0.0144816151879322	0.0146709962372866	0.0159845704499715	0.0200998768823298	0.0144816151879322	0.0147947497227448	0	0.0147947497227448	0.0147947497227448	0.0159845704499715	0.0159845704499715	0	0.0182482326002883	0.0182482326002883	0	0.0205644460889909	0.0142036864807247	0.200689196301794	0.0140494760173113	0.0142036864807247
Aromatic_amino_acid_degradation	0.0140494760173113	0.0140494760173113	0.818542130158142	0.0142036864807247	0.0140494760173113	0.0140494760173113	0.0142036864807247	0.0111181458944935	0.0159845704499715	0.0171413951587781	0.0144816151879322	0.0146709962372866	0.0159845704499715	0.0200998768823298	0.0144816151879322	0.0147947497227448	0	0.0147947497227448	0.0147947497227448	0.0159845704499715	0.0159845704499715	0	0.0182482326002883	0.0182482326002883	0	0.0205644460889909	0.0142036864807247	0.0144816151879322	0.0140494760173113	0.0142036864807247
Autoinducer_2_(AI-2)_transport_and_processing_(lsrACDBFGE_operon)	0.0140494760173113	0.0140494760173113	0.0140494760173113	0.0142036864807247	0.679918048433388	0.0140494760173113	0.0142036864807247	0.0111181458944935	0.0159845704499715	0.0171413951587781	0.0144816151879322	0.0146709962372866	0.0159845704499715	0.0200998768823298	0.0144816151879322	0.0147947497227448	0	0.0147947497227448	0.0147947497227448	0.0159845704499715	0.0159845704499715	0	0.0182482326002883	0.0182482326002883	0	0.0205644460889909	0.0142036864807247	0.0144816151879322	0.0140494760173113	0.0142036864807247
Bacteriocin-like_peptides_Blp	0.389282410163117	0.0140494760173113	0.0140494760173113	0.339191682130247	0.0140494760173113	0.467293243016226	0.453754765936324	0.0111181458944935	0.0159845704499715	0.0171413951587781	0.0144816151879322	0.491306209236791	0.464335312224928	0.0200998768823298	0.388720762398799	0.0147947497227448	0	0.0147947497227448	0.292231865939679	0.442625660293175	0.0159845704499715	0	0.0182482326002883	0.505670973936719	0	0.0205644460889909	0.521125832007301	0.436649005365869	0.0140494760173113	0.52481968963341
Bacteriophage_P4_cluster	0.0140494760173113	0.0140494760173113	0.0140494760173113	0.0142036864807247	0.0140494760173113	0.0140494760173113	0.0142036864807247	0.0111181458944935	0.0159845704499715	0.0171413951587781	0.0144816151879322	0.0146709962372866	0.0159845704499715	0.0200998768823298	0.0144816151879322	0.0147947497227448	0	0.0147947497227448	0.0147947497227448	0.0159845704499715	0.0159845704499715	0.285503560530503	0.0182482326002883	0.0182482326002883	0	0.0205644460889909	0.0142036864807247	0.0144816151879322	0.0140494760173113	0.0142036864807247
Benzoate_catabolism	0.0140494760173113	0.0140494760173113	0.0140494760173113	0.0142036864807247	0.0140494760173113	0.0140494760173113	0.209148894537479	0.0111181458944935	0.0159845704499715	0.0171413951587781	0.0144816151879322	0.0146709962372866	0.0159845704499715	0.0200998768823298	0.266279478261298	0.0147947497227448	0	0.0147947497227448	0.0147947497227448	0.0159845704499715	0.0159845704499715	0	0.0182482326002883	0.0182482326002883	0	0.0205644460889909	0.0142036864807247	0.0144816151879322	0.0140494760173113	0.0142036864807247
beta-glucuronide_utilization	0.0140494760173113	0.0140494760173113	0.0140494760173113	0.0142036864807247	0.0140494760173113	0.0140494760173113	0.0142036864807247	0.189539421375869	0.0159845704499715	0.0171413951587781	0.0144816151879322	0.0146709962372866	0.0159845704499715	0.0200998768823298	0.0144816151879322	0.0147947497227448	0.514341453238392	0.0147947497227448	0.0147947497227448	0.0159845704499715	0.0159845704499715	0	0.0182482326002883	0.0182482326002883	0.534995077069226	0.0205644460889909	0.0142036864807247	0.0144816151879322	0.0140494760173113	0.0142036864807247
Beta-lactamase	0.0140494760173113	0.0140494760173113	0.0140494760173113	0.0142036864807247	0.0140494760173113	0.0140494760173113	0.0142036864807247	0.0111181458944935	0.0159845704499715	0.0171413951587781	0.0144816151879322	0.350968168494093	0.0159845704499715	0.0200998768823298	0.0144816151879322	0.0147947497227448	0	0.0147947497227448	0.0147947497227448	0.0159845704499715	0.0159845704499715	0	0.0182482326002883	0.0182482326002883	0	0.0205644460889909	0.0142036864807247	0.0144816151879322	0.0140494760173113	0.0142036864807247
Biofilm_formation_in_Staphylococcus	0.0140494760173113	0.20057600473494	0.159554223751251	0.0142036864807247	0.0140494760173113	0.0140494760173113	0.0142036864807247	0.0111181458944935	0.0159845704499715	0.0171413951587781	0.0144816151879322	0.0146709962372866	0.0159845704499715	0.0200998768823298	0.0144816151879322	0.0147947497227448	0	0.0147947497227448	0.0147947497227448	0.0159845704499715	0.0159845704499715	0	0.0182482326002883	0.0182482326002883	0	0.0205644460889909	0.0142036864807247	0.0144816151879322	0.0140494760173113	0.0142036864807247
Capsular_surface_virulence_antigen_loci	0.159554223751251	0.0140494760173113	0.0140494760173113	0.0142036864807247	0.0140494760173113	0.0140494760173113	0.0142036864807247	0.0111181458944935	0.0159845704499715	0.0171413951587781	0.0144816151879322	0.0146709962372866	0.0159845704499715	0.0200998768823298	0.0144816151879322	0.0147947497227448	0.321371194036723	0.0147947497227448	0.0147947497227448	0.0159845704499715	0.0159845704499715	0	0.0182482326002883	0.0182482326002883	0.310307903171843	0.0205644460889909	0.0142036864807247	0.0144816151879322	0.0140494760173113	0.0142036864807247
Carbon_monoxide_induced_hydrogenase	0.0140494760173113	0.0140494760173113	0.0140494760173113	0.0142036864807247	0.0140494760173113	0.0140494760173113	0.0142036864807247	0.0111181458944935	0.0159845704499715	0.0171413951587781	0.0144816151879322	0.0146709962372866	0.0159845704499715	0.0200998768823298	0.0144816151879322	0.0147947497227448	0	0.248353022643344	0.0147947497227448	0.0159845704499715	0.0159845704499715	0	0.0182482326002883	0.0182482326002883	0.173436197069709	0.0205644460889909	0.0142036864807247	0.0144816151879322	0.0140494760173113	0.0142036864807247
Carboxysome	0.33368301105079	0.304812899157569	0.22809967684108	0.268265815319064	0.0140494760173113	0.329972196157507	0.261804987346782	0.0111181458944935	0.327384366117502	0.0171413951587781	0.339250455514737	0.32912634228048	0.354627092156528	0.0200998768823298	0.30816837151763	0.0147947497227448	0	0.0147947497227448	0.0147947497227448	0.270600892343313	0.0159845704499715	0	0.0182482326002883	0.272948708610187	0	0.0205644460889909	0.31665658355534	0.336378670287542	0.0140494760173113	0.324908472567721
Carnitine_Metabolism_in_Microorganisms	0.0140494760173113	0.0140494760173113	0.0140494760173113	0.0142036864807247	0.0140494760173113	0.0140494760173113	0.0142036864807247	0.0111181458944935	0.0159845704499715	0.0171413951587781	0.0144816151879322	0.0146709962372866	0.0159845704499715	0.0200998768823298	0.0144816151879322	0.0147947497227448	0	0.0147947497227448	0.0147947497227448	0.0159845704499715	0.0159845704499715	0.26710060079945	0.0182482326002883	0.0182482326002883	0.324524168101956	0.0205644460889909	0.0142036864807247	0.0144816151879322	0.0140494760173113	0.0142036864807247
CBSS-159087.4.peg.2189	0.0140494760173113	0.0140494760173113	0.256844944619858	0.0142036864807247	0.0140494760173113	0.0140494760173113	0.0142036864807247	0.0111181458944935	0.0159845704499715	0.0171413951587781	0.0144816151879322	0.0146709962372866	0.0159845704499715	0.0200998768823298	0.0144816151879322	0.0147947497227448	0	0.0147947497227448	0.0147947497227448	0.0159845704499715	0.0159845704499715	0	0.0182482326002883	0.0182482326002883	0	0.0205644460889909	0.0142036864807247	0.0144816151879322	0.0140494760173113	0.0142036864807247
CBSS-194948.1.peg.143	0.0140494760173113	0.0140494760173113	0.0140494760173113	0.0142036864807247	0.0140494760173113	0.0140494760173113	0.0142036864807247	0.0111181458944935	0.0159845704499715	0.0171413951587781	0.0144816151879322	0.0146709962372866	0.0159845704499715	0.0200998768823298	0.0144816151879322	0.0147947497227448	0	0.0147947497227448	0.0147947497227448	0.0159845704499715	0.0159845704499715	0	0.0182482326002883	0.0182482326002883	0	0.0205644460889909	0.354237575042022	0.0144816151879322	0.0140494760173113	0.364499393608621
CBSS-196164.1.peg.461	0.0140494760173113	0.0140494760173113	0.0140494760173113	0.0142036864807247	0.0140494760173113	0.0140494760173113	0.0142036864807247	0.0111181458944935	0.0159845704499715	0.0171413951587781	0.0144816151879322	0.0146709962372866	0.0159845704499715	0.0200998768823298	0.0144816151879322	0.0147947497227448	0	0.0147947497227448	0.0147947497227448	0.0159845704499715	0.223110009103089	0	0.0182482326002883	0.0182482326002883	0	0.0205644460889909	0.0142036864807247	0.0144816151879322	0.0140494760173113	0.0142036864807247
CBSS-214092.1.peg.3450	0.0140494760173113	0.0140494760173113	0.0140494760173113	0.0142036864807247	0.0140494760173113	0.0140494760173113	0.0142036864807247	0.0111181458944935	0.0159845704499715	0.0171413951587781	0.0144816151879322	0.0146709962372866	0.0159845704499715	0.0200998768823298	0.0144816151879322	0.0147947497227448	0.405018547937745	0.0147947497227448	0.0147947497227448	0.0159845704499715	0.0159845704499715	0	0.0182482326002883	0.0182482326002883	0	0.0205644460889909	0.0142036864807247	0.0144816151879322	0.0140494760173113	0.0142036864807247
CBSS-243277.1.peg.4359	0.0140494760173113	0.0140494760173113	0.0140494760173113	0.0142036864807247	0.0140494760173113	0.0140494760173113	0.0142036864807247	0.0111181458944935	0.0159845704499715	0.0171413951587781	0.0144816151879322	0.0146709962372866	0.0159845704499715	0.0200998768823298	0.0144816151879322	0.0147947497227448	0.371919685959744	0.0147947497227448	0.0147947497227448	0.0159845704499715	0.0159845704499715	0	0.0182482326002883	0.0182482326002883	0.205407167531029	0.0205644460889909	0.0142036864807247	0.0144816151879322	0.0140494760173113	0.0142036864807247
CBSS-261594.1.peg.788	0.0140494760173113	0.0140494760173113	0.0140494760173113	0.0142036864807247	0.0140494760173113	0.0140494760173113	0.410718227358161	0.0111181458944935	0.0159845704499715	0.0171413951587781	0.0144816151879322	0.432620466980472	0.0159845704499715	0.0200998768823298	0.421765144220598	0.0147947497227448	0	0.0147947497227448	0.0147947497227448	0.0159845704499715	0.0159845704499715	0	0.0182482326002883	0.0182482326002883	0	0.0205644460889909	0.0142036864807247	0.398891812259166	0.0140494760173113	0.0142036864807247
CBSS-262316.1.peg.2929	0.0140494760173113	0.0140494760173113	0.0140494760173113	0.0142036864807247	0.0140494760173113	0.0140494760173113	0.0142036864807247	0.0111181458944935	0.0159845704499715	0.0171413951587781	0.0144816151879322	0.0146709962372866	0.0159845704499715	0.224111182246166	0.0144816151879322	0.0147947497227448	0	0.0147947497227448	0.0147947497227448	0.0159845704499715	0.0159845704499715	0	0.0182482326002883	0.0182482326002883	0	0.0205644460889909	0.0142036864807247	0.0144816151879322	0.0140494760173113	0.0142036864807247
CBSS-370552.3.peg.1240	0.0140494760173113	0.0140494760173113	0.0140494760173113	0.0142036864807247	0.0140494760173113	0.0140494760173113	0.0142036864807247	0.0111181458944935	0.0159845704499715	0.0171413951587781	0.0144816151879322	0.0146709962372866	0.0159845704499715	0.0200998768823298	0.0144816151879322	0.0147947497227448	0	0.190523369950558	0.0147947497227448	0.0159845704499715	0.0159845704499715	0	0.0182482326002883	0.0182482326002883	0	0.0205644460889909	0.0142036864807247	0.0144816151879322	0.0140494760173113	0.0142036864807247
CBSS-562.2.peg.5158_SK3_including	0.0140494760173113	0.0140494760173113	0.0140494760173113	0.0142036864807247	0.0140494760173113	0.0140494760173113	0.0142036864807247	0.0111181458944935	0.0159845704499715	0.0171413951587781	0.0144816151879322	0.0146709962372866	0.0159845704499715	0.0200998768823298	0.0144816151879322	0.0147947497227448	0	0.0147947497227448	0.0147947497227448	0.0159845704499715	0.0159845704499715	0.154998780340955	0.0182482326002883	0.0182482326002883	0.205407167531029	0.0205644460889909	0.0142036864807247	0.0144816151879322	0.0140494760173113	0.0142036864807247
Cellulosome	0.650700562550955	0.0140494760173113	0.0140494760173113	0.542051294372469	0.548445749698801	0.622117011035412	0.0142036864807247	0.0111181458944935	0.0159845704499715	0.0171413951587781	0.0144816151879322	0.0146709962372866	0.0159845704499715	0.0200998768823298	0.0144816151879322	0.0147947497227448	0	0.0147947497227448	0.0147947497227448	0.0159845704499715	0.0159845704499715	0	0.0182482326002883	0.472823910947247	0	0.0205644460889909	0.0142036864807247	0.0144816151879322	0.641021739389984	0.675043577957469
Central_meta-cleavage_pathway_of_aromatic_compound_degradation	0.0140494760173113	0.0140494760173113	0.0140494760173113	0.0142036864807247	0.0140494760173113	0.0140494760173113	0.0142036864807247	0.0111181458944935	0.0159845704499715	0.0171413951587781	0.0144816151879322	0.0146709962372866	0.0159845704499715	0.0200998768823298	0.0144816151879322	0.0147947497227448	0	0.0147947497227448	0.0147947497227448	0.0159845704499715	0.0159845704499715	0	0.0182482326002883	0.0182482326002883	0	0.0205644460889909	0.0142036864807247	0.200689196301794	0.0140494760173113	0.0142036864807247
Choline_Transport	0.0140494760173113	0.0140494760173113	0.0140494760173113	0.0142036864807247	0.0140494760173113	0.0140494760173113	0.0142036864807247	0.0111181458944935	0.0159845704499715	0.0171413951587781	0.0144816151879322	0.0146709962372866	0.0159845704499715	0.0200998768823298	0.0144816151879322	0.0147947497227448	0	0.0147947497227448	0.0147947497227448	0.0159845704499715	0.0159845704499715	0	0.0182482326002883	0.0182482326002883	0	0.0205644460889909	0.0142036864807247	0.0144816151879322	0.0140494760173113	0.450514736221701
Cluster_with_phosphopentomutase_paralog	0.0140494760173113	0.0140494760173113	0.0140494760173113	0.0142036864807247	0.0140494760173113	0.0140494760173113	0.0142036864807247	0.158631771069698	0.0159845704499715	0.0171413951587781	0.0144816151879322	0.0146709962372866	0.0159845704499715	0.0200998768823298	0.0144816151879322	0.159786541366542	0	0.0147947497227448	0.0147947497227448	0.0159845704499715	0.0159845704499715	0	0.210186253434757	0.0182482326002883	0	0.0205644460889909	0.0142036864807247	0.0144816151879322	0.0140494760173113	0.0142036864807247
CO2_uptake,_carboxysome	0.0140494760173113	0.0140494760173113	0.22809967684108	0.268265815319064	0.0140494760173113	0.0140494760173113	0.261804987346782	0.0111181458944935	0.0159845704499715	0.0171413951587781	0.339250455514737	0.0146709962372866	0.0159845704499715	0.0200998768823298	0.30816837151763	0.0147947497227448	0	0.0147947497227448	0.0147947497227448	0.0159845704499715	0.0159845704499715	0	0.0182482326002883	0.0182482326002883	0	0.0205644460889909	0.0142036864807247	0.0144816151879322	0.0140494760173113	0.0142036864807247
Coenzyme_F420_hydrogenase	0.0140494760173113	0.0140494760173113	0.0140494760173113	0.0142036864807247	0.237296568226023	0.0140494760173113	0.0142036864807247	0.0111181458944935	0.334532362661022	0.0171413951587781	0.34866352490776	0.0146709962372866	0.316372084566509	0.0200998768823298	0.0144816151879322	0.0147947497227448	0	0.0147947497227448	0.0147947497227448	0.0159845704499715	0.0159845704499715	0	0.0182482326002883	0.0182482326002883	0	0.0205644460889909	0.343022894560336	0.0144816151879322	0.0140494760173113	0.0142036864807247
Coenzyme_F420_synthesis	0.0140494760173113	0.0140494760173113	0.0140494760173113	0.0142036864807247	0.0140494760173113	0.0140494760173113	0.237332539687695	0.0111181458944935	0.0159845704499715	0.0171413951587781	0.0144816151879322	0.0146709962372866	0.0159845704499715	0.0200998768823298	0.0144816151879322	0.0147947497227448	0	0.0147947497227448	0.0147947497227448	0.0159845704499715	0.0159845704499715	0	0.0182482326002883	0.0182482326002883	0	0.0205644460889909	0.0142036864807247	0.0144816151879322	0.0140494760173113	0.0142036864807247
COG0398	0.0140494760173113	0.0140494760173113	0.0140494760173113	0.0142036864807247	0.0140494760173113	0.0140494760173113	0.0142036864807247	0.0111181458944935	0.0159845704499715	0.0171413951587781	0.0144816151879322	0.0146709962372866	0.0159845704499715	0.0200998768823298	0.0144816151879322	0.0147947497227448	0	0.0147947497227448	0.0147947497227448	0.0159845704499715	0.0159845704499715	0.253676192025931	0.0182482326002883	0.0182482326002883	0	0.0205644460889909	0.0142036864807247	0.0144816151879322	0.0140494760173113	0.0142036864807247
Cold_shock,_CspA_family_of_proteins	0.0140494760173113	0.0140494760173113	0.0140494760173113	0.0142036864807247	0.0140494760173113	0.0140494760173113	0.0142036864807247	0.158631771069698	0.0159845704499715	0.0171413951587781	0.0144816151879322	0.0146709962372866	0.0159845704499715	0.0200998768823298	0.0144816151879322	0.0147947497227448	0	0.0147947497227448	0.0147947497227448	0.0159845704499715	0.0159845704499715	0.297377599931155	0.0182482326002883	0.0182482326002883	0	0.0205644460889909	0.0142036864807247	0.0144816151879322	0.0140494760173113	0.0142036864807247
Colonization_factor_antigen_I_fimbriae	0.0140494760173113	0.0140494760173113	0.0140494760173113	0.0142036864807247	0.0140494760173113	0.0140494760173113	0.0142036864807247	0.158631771069698	0.0159845704499715	0.0171413951587781	0.0144816151879322	0.0146709962372866	0.0159845704499715	0.0200998768823298	0.0144816151879322	0.0147947497227448	0.447522631995882	0.0147947497227448	0.0147947497227448	0.0159845704499715	0.0159845704499715	0.260915864941999	0.0182482326002883	0.0182482326002883	0.253676192025931	0.0205644460889909	0.0142036864807247	0.0144816151879322	0.0140494760173113	0.0142036864807247
Commensurate_regulon_activation	0.0140494760173113	0.0140494760173113	0.0140494760173113	0.0142036864807247	0.0140494760173113	0.0140494760173113	0.0142036864807247	0.0111181458944935	0.0159845704499715	0.0171413951587781	0.0144816151879322	0.0146709962372866	0.0159845704499715	0.0200998768823298	0.0144816151879322	0.0147947497227448	0.388316592190836	0.0147947497227448	0.0147947497227448	0.0159845704499715	0.0159845704499715	0	0.0182482326002883	0.0182482326002883	0.224629795467028	0.0205644460889909	0.0142036864807247	0.0144816151879322	0.0140494760173113	0.0142036864807247
Competence_in_Streptococci	0.0140494760173113	0.0140494760173113	0.0140494760173113	0.0142036864807247	0.0140494760173113	0.0140494760173113	0.0142036864807247	0.0111181458944935	0.0159845704499715	0.248879799736226	0.0144816151879322	0.0146709962372866	0.0159845704499715	0.0200998768823298	0.0144816151879322	0.0147947497227448	0	0.0147947497227448	0.0147947497227448	0.0159845704499715	0.160155613342296	0	0.0182482326002883	0.0182482326002883	0	0.0205644460889909	0.0142036864807247	0.0144816151879322	0.0140494760173113	0.0142036864807247
Conjugative_transfer	0.0140494760173113	0.0140494760173113	0.0140494760173113	0.0142036864807247	0.0140494760173113	0.0140494760173113	0.0142036864807247	0.0111181458944935	0.0159845704499715	0.160512331030894	0.0144816151879322	0.0146709962372866	0.0159845704499715	0.0200998768823298	0.0144816151879322	0.0147947497227448	0	0.0147947497227448	0.0147947497227448	0.0159845704499715	0.0159845704499715	0.19682013446294	0.0182482326002883	0.0182482326002883	0	0.0205644460889909	0.0142036864807247	0.0144816151879322	0.0140494760173113	0.0142036864807247
Conserved_cluster_around_acetyltransferase_YpeA_in_Enterobacteria	0.0140494760173113	0.0140494760173113	0.0140494760173113	0.0142036864807247	0.0140494760173113	0.0140494760173113	0.0142036864807247	0.0111181458944935	0.0159845704499715	0.0171413951587781	0.0144816151879322	0.0146709962372866	0.0159845704499715	0.0200998768823298	0.0144816151879322	0.0147947497227448	0	0.0147947497227448	0.0147947497227448	0.0159845704499715	0.0159845704499715	0	0.0182482326002883	0.0182482326002883	0.605362230979707	0.0205644460889909	0.0142036864807247	0.0144816151879322	0.0140494760173113	0.0142036864807247
Conserved_cluster_around_inner_membrane_protein_gene_yghQ,_probably_involved_in_polysaccharide_biosynthesis	0.0140494760173113	0.0140494760173113	0.0140494760173113	0.0142036864807247	0.0140494760173113	0.0140494760173113	0.0142036864807247	0.0111181458944935	0.0159845704499715	0.0171413951587781	0.0144816151879322	0.0146709962372866	0.0159845704499715	0.0200998768823298	0.0144816151879322	0.0147947497227448	0.444579908927963	0.0147947497227448	0.0147947497227448	0.0159845704499715	0.0159845704499715	0	0.0182482326002883	0.0182482326002883	0.302689961628334	0.0205644460889909	0.0142036864807247	0.0144816151879322	0.0140494760173113	0.0142036864807247
Conserved_cluster_in_Enterobacteriaceae_downstream_from_YqjA,_a_DedA_family_protein	0.0140494760173113	0.0140494760173113	0.0140494760173113	0.0142036864807247	0.0140494760173113	0.0140494760173113	0.0142036864807247	0.158631771069698	0.0159845704499715	0.0171413951587781	0.0144816151879322	0.0146709962372866	0.0159845704499715	0.0200998768823298	0.0144816151879322	0.0147947497227448	0.474705573792217	0.0147947497227448	0.0147947497227448	0.0159845704499715	0.0159845704499715	0.290212420476547	0.0182482326002883	0.0182482326002883	0.253676192025931	0.0205644460889909	0.0142036864807247	0.0144816151879322	0.0140494760173113	0.0142036864807247
CRISPRs	0.0140494760173113	0.0140494760173113	0.0140494760173113	0.0142036864807247	0.0140494760173113	0.0140494760173113	0.0142036864807247	0.0111181458944935	0.0159845704499715	0.0171413951587781	0.0144816151879322	0.0146709962372866	0.0159845704499715	0.0200998768823298	0.0144816151879322	0.0147947497227448	0	0.228279211418857	0.0147947497227448	0.0159845704499715	0.0159845704499715	0	0.0182482326002883	0.0182482326002883	0	0.0205644460889909	0.0142036864807247	0.0144816151879322	0.0140494760173113	0.0142036864807247
Curli_production	0.0140494760173113	0.0140494760173113	0.0140494760173113	0.0142036864807247	0.0140494760173113	0.0140494760173113	0.0142036864807247	0.0111181458944935	0.0159845704499715	0.0171413951587781	0.0144816151879322	0.0146709962372866	0.0159845704499715	0.0200998768823298	0.0144816151879322	0.0147947497227448	0.366383005271309	0.0147947497227448	0.0147947497227448	0.0159845704499715	0.0159845704499715	0.19682013446294	0.0182482326002883	0.0182482326002883	0	0.0205644460889909	0.0142036864807247	0.0144816151879322	0.0140494760173113	0.0142036864807247
D-allose_utilization	0.0140494760173113	0.0140494760173113	0.0140494760173113	0.0142036864807247	0.0140494760173113	0.0140494760173113	0.0142036864807247	0.0111181458944935	0.0159845704499715	0.0171413951587781	0.0144816151879322	0.0146709962372866	0.0159845704499715	0.0200998768823298	0.0144816151879322	0.0147947497227448	0	0.0147947497227448	0.0147947497227448	0.0159845704499715	0.0159845704499715	0	0.0182482326002883	0.191438060265821	0	0.0205644460889909	0.0142036864807247	0.0144816151879322	0.0140494760173113	0.0142036864807247
D-Sorbitol(D-Glucitol)_and_L-Sorbose_Utilization	0.0140494760173113	0.0140494760173113	0.0140494760173113	0.0142036864807247	0.0140494760173113	0.0140494760173113	0.0142036864807247	0.0111181458944935	0.0159845704499715	0.0171413951587781	0.0144816151879322	0.0146709962372866	0.0159845704499715	0.0200998768823298	0.0144816151879322	0.0147947497227448	0	0.0147947497227448	0.0147947497227448	0.0159845704499715	0.0159845704499715	0.274157238525246	0.0182482326002883	0.0182482326002883	0.314311562341059	0.0205644460889909	0.0142036864807247	0.0144816151879322	0.0140494760173113	0.0142036864807247
DNA_phosphorothioation	0.0140494760173113	0.0140494760173113	0.0140494760173113	0.0142036864807247	0.0140494760173113	0.0140494760173113	0.0142036864807247	0.0111181458944935	0.0159845704499715	0.0171413951587781	0.0144816151879322	0.0146709962372866	0.0159845704499715	0.0200998768823298	0.0144816151879322	0.0147947497227448	0	0.0147947497227448	0.0147947497227448	0.0159845704499715	0.0159845704499715	0	0.0182482326002883	0.0182482326002883	0.212738056923318	0.0205644460889909	0.0142036864807247	0.0144816151879322	0.0140494760173113	0.0142036864807247
DNA-binding_regulatory_proteins,_strays	0.0140494760173113	0.0140494760173113	0.0140494760173113	0.0142036864807247	0.0140494760173113	0.0140494760173113	0.0142036864807247	0.0111181458944935	0.0159845704499715	0.0171413951587781	0.0144816151879322	0.0146709962372866	0.0159845704499715	0.0200998768823298	0.0144816151879322	0.0147947497227448	0	0.0147947497227448	0.0147947497227448	0.0159845704499715	0.0159845704499715	0.265137221848974	0.0182482326002883	0.0182482326002883	0	0.0205644460889909	0.0142036864807247	0.0144816151879322	0.0140494760173113	0.0142036864807247
EcsAB_transporter_affecting_expression_and_secretion_of_secretory_preproteins	0.0140494760173113	0.0140494760173113	0.0140494760173113	0.0142036864807247	0.0140494760173113	0.0140494760173113	0.0142036864807247	0.0111181458944935	0.0159845704499715	0.0171413951587781	0.0144816151879322	0.0146709962372866	0.0159845704499715	0.0200998768823298	0.0144816151879322	0.0147947497227448	0	0.233121756192373	0.0147947497227448	0.0159845704499715	0.0159845704499715	0	0.0182482326002883	0.0182482326002883	0	0.0205644460889909	0.0142036864807247	0.0144816151879322	0.0140494760173113	0.0142036864807247
Encapsulating_protein_for_DyP-type_peroxidase_and_ferritin-like_protein_oligomers	0.0140494760173113	0.0140494760173113	0.0140494760173113	0.0142036864807247	0.0140494760173113	0.0140494760173113	0.0142036864807247	0.0111181458944935	0.0159845704499715	0.0171413951587781	0.0144816151879322	0.0146709962372866	0.0159845704499715	0.0200998768823298	0.0144816151879322	0.0147947497227448	0	0.0147947497227448	0.0147947497227448	0.0159845704499715	0.0159845704499715	0.427861106638756	0.0182482326002883	0.0182482326002883	0	0.0205644460889909	0.0142036864807247	0.0144816151879322	0.0140494760173113	0.0142036864807247
Energy-conserving_hydrogenase_(ferredoxin)_Ech	0.0140494760173113	0.0140494760173113	0.0140494760173113	0.0142036864807247	0.0140494760173113	0.0140494760173113	0.0142036864807247	0.0111181458944935	0.0159845704499715	0.0171413951587781	0.0144816151879322	0.0146709962372866	0.0159845704499715	0.0200998768823298	0.0144816151879322	0.0147947497227448	0.219084563823078	0.0147947497227448	0.0147947497227448	0.0159845704499715	0.24862057164736	0	0.0182482326002883	0.0182482326002883	0	0.0205644460889909	0.0142036864807247	0.0144816151879322	0.0140494760173113	0.0142036864807247
ESAT-6_proteins_secretion_system_in_Firmicutes	0.0140494760173113	0.0140494760173113	0.0140494760173113	0.0142036864807247	0.264035775684961	0.0140494760173113	0.0142036864807247	0.0111181458944935	0.0159845704499715	0.0171413951587781	0.0144816151879322	0.0146709962372866	0.0159845704499715	0.0200998768823298	0.0144816151879322	0.0147947497227448	0	0.0147947497227448	0.0147947497227448	0.0159845704499715	0.0159845704499715	0	0.0182482326002883	0.0182482326002883	0	0.0205644460889909	0.0142036864807247	0.0144816151879322	0.0140494760173113	0.0142036864807247
Ethylmalonyl-CoA_pathway_of_C2_assimilation	0.0140494760173113	0.316624686786377	0.159554223751251	0.0142036864807247	0.0140494760173113	0.0140494760173113	0.0142036864807247	0.0111181458944935	0.0159845704499715	0.0171413951587781	0.0144816151879322	0.0146709962372866	0.0159845704499715	0.0200998768823298	0.0144816151879322	0.0147947497227448	0	0.0147947497227448	0.0147947497227448	0.0159845704499715	0.0159845704499715	0	0.0182482326002883	0.0182482326002883	0	0.0205644460889909	0.0142036864807247	0.0144816151879322	0.0140494760173113	0.0142036864807247
Exopolysaccharide_Biosynthesis	0.0140494760173113	0.0140494760173113	0.0140494760173113	0.0142036864807247	0.0140494760173113	0.0140494760173113	0.0142036864807247	0.0111181458944935	0.0159845704499715	0.0171413951587781	0.540517823462122	0.0146709962372866	0.0159845704499715	0.0200998768823298	0.0144816151879322	0.0147947497227448	0	0.0147947497227448	0.0147947497227448	0.0159845704499715	0.0159845704499715	0	0.0182482326002883	0.0182482326002883	0	0.0205644460889909	0.0142036864807247	0.0144816151879322	0.0140494760173113	0.0142036864807247
Experimental-yggC	0.0140494760173113	0.0140494760173113	0.0140494760173113	0.0142036864807247	0.0140494760173113	0.0140494760173113	0.0142036864807247	0.0111181458944935	0.0159845704499715	0.0171413951587781	0.0144816151879322	0.0146709962372866	0.0159845704499715	0.0200998768823298	0.0144816151879322	0.0147947497227448	0	0.0147947497227448	0.0147947497227448	0.0159845704499715	0.0159845704499715	0	0.0182482326002883	0.0182482326002883	0.248058863451557	0.0205644460889909	0.0142036864807247	0.0144816151879322	0.0140494760173113	0.0142036864807247
Extracellular_Polysaccharide_Biosynthesis_of_Streptococci	0.0140494760173113	0.0140494760173113	0.0140494760173113	0.0142036864807247	0.0140494760173113	0.0140494760173113	0.0142036864807247	0.0111181458944935	0.0159845704499715	0.0171413951587781	0.0144816151879322	0.0146709962372866	0.0159845704499715	0.0200998768823298	0.0144816151879322	0.334283362454074	0	0.0147947497227448	0.0147947497227448	0.0159845704499715	0.268649462119765	0	0.0182482326002883	0.0182482326002883	0.25863693050218	0.0205644460889909	0.0142036864807247	0.0144816151879322	0.0140494760173113	0.0142036864807247
F_plasmid_replication	0.0140494760173113	0.0140494760173113	0.0140494760173113	0.0142036864807247	0.0140494760173113	0.0140494760173113	0.0142036864807247	0.0111181458944935	0.0159845704499715	0.0171413951587781	0.0144816151879322	0.0146709962372866	0.0159845704499715	0.0200998768823298	0.0144816151879322	0.0147947497227448	0.43110897641833	0.0147947497227448	0.0147947497227448	0.0159845704499715	0.0159845704499715	0.265137221848974	0.0182482326002883	0.0182482326002883	0.305119131738875	0.0205644460889909	0.0142036864807247	0.0144816151879322	0.0140494760173113	0.0142036864807247
Fatty_acid_metabolism_cluster	0.0140494760173113	0.0140494760173113	0.0140494760173113	0.292108379141137	0.0140494760173113	0.0140494760173113	0.0142036864807247	0.0111181458944935	0.302591391182325	0.0171413951587781	0.0144816151879322	0.0146709962372866	0.0159845704499715	0.0200998768823298	0.0144816151879322	0.0147947497227448	0	0.0147947497227448	0.0147947497227448	0.0159845704499715	0.0159845704499715	0	0.0182482326002883	0.0182482326002883	0	0.0205644460889909	0.0142036864807247	0.222740899976205	0.0140494760173113	0.0142036864807247
Flagellar_motility	0.0140494760173113	0.0140494760173113	0.0140494760173113	0.0142036864807247	0.296412292457082	0.312559790792728	0.0142036864807247	0.0111181458944935	0.0159845704499715	0.0171413951587781	0.0144816151879322	0.0146709962372866	0.0159845704499715	0.0200998768823298	0.0144816151879322	0.0147947497227448	0	0.0147947497227448	0.0147947497227448	0.0159845704499715	0.0159845704499715	0	0.0182482326002883	0.178596119373327	0	0.0205644460889909	0.0142036864807247	0.0144816151879322	0.0140494760173113	0.0142036864807247
Flavocytochrome_C	0.308858463357321	0.251271923654058	0.0140494760173113	0.0142036864807247	0.275557478929893	0.288508104135084	0.0142036864807247	0.0111181458944935	0.0159845704499715	0.0171413951587781	0.0144816151879322	0.364357598801708	0.0159845704499715	0.308529096199494	0.0144816151879322	0.0147947497227448	0	0.0147947497227448	0.300504269869923	0.333186742174091	0.0159845704499715	0	0.0182482326002883	0.0182482326002883	0	0.0205644460889909	0.0142036864807247	0.0144816151879322	0.293202104391619	0.0142036864807247
Flavohaemoglobin	0.0140494760173113	0.0140494760173113	0.0140494760173113	0.0142036864807247	0.0140494760173113	0.0140494760173113	0.0142036864807247	0.0111181458944935	0.0159845704499715	0.0171413951587781	0.0144816151879322	0.0146709962372866	0.0159845704499715	0.0200998768823298	0.0144816151879322	0.0147947497227448	0	0.0147947497227448	0.0147947497227448	0.0159845704499715	0.0159845704499715	0.244944698338669	0.0182482326002883	0.0182482326002883	0	0.0205644460889909	0.0142036864807247	0.0144816151879322	0.0140494760173113	0.0142036864807247
Formate_hydrogenase	0.0140494760173113	0.0140494760173113	0.0140494760173113	0.0142036864807247	0.0140494760173113	0.0140494760173113	0.0142036864807247	0.0111181458944935	0.0159845704499715	0.0171413951587781	0.0144816151879322	0.0146709962372866	0.0159845704499715	0.0200998768823298	0.0144816151879322	0.0147947497227448	0	0.177645839502529	0.0147947497227448	0.0159845704499715	0.22856492548475	0	0.0182482326002883	0.0182482326002883	0	0.0205644460889909	0.0142036864807247	0.0144816151879322	0.0140494760173113	0.0142036864807247
Fratricide_in_Streptococcus	0.0140494760173113	0.0140494760173113	0.0140494760173113	0.43947750323433	0.0140494760173113	0.0140494760173113	0.0142036864807247	0.0111181458944935	0.0159845704499715	0.0171413951587781	0.0144816151879322	0.0146709962372866	0.0159845704499715	0.0200998768823298	0.398009973482232	0.0147947497227448	0	0.0147947497227448	0.0147947497227448	0.390263717459159	0.0159845704499715	0.287923046216512	0.0182482326002883	0.0182482326002883	0	0.0205644460889909	0.0142036864807247	0.0144816151879322	0.0140494760173113	0.0142036864807247
GABA_and_putrescine_metabolism_from_cluters	0.0140494760173113	0.0140494760173113	0.0140494760173113	0.0142036864807247	0.0140494760173113	0.0140494760173113	0.0142036864807247	0.0111181458944935	0.0159845704499715	0.0171413951587781	0.0144816151879322	0.0146709962372866	0.0159845704499715	0.0200998768823298	0.0144816151879322	0.0147947497227448	0	0.0147947497227448	0.0147947497227448	0.0159845704499715	0.0159845704499715	0	0.0182482326002883	0.0182482326002883	0.237935162205118	0.0205644460889909	0.0142036864807247	0.0144816151879322	0.0140494760173113	0.0142036864807247
Galactosylceramide_and_Sulfatide_metabolism	0.0140494760173113	0.0140494760173113	0.0140494760173113	0.0142036864807247	0.0140494760173113	0.0140494760173113	0.518573023645929	0.0111181458944935	0.0159845704499715	0.0171413951587781	0.0144816151879322	0.579288568603906	0.597807736927334	0.0200998768823298	0.0144816151879322	0.0147947497227448	0	0.0147947497227448	0.0147947497227448	0.0159845704499715	0.0159845704499715	0	0.0182482326002883	0.0182482326002883	0	0.0205644460889909	0.0142036864807247	0.0144816151879322	0.0140494760173113	0.0142036864807247
Glutamate_transporter_involved_in_acid_tolerance_in_Streptococcus	0.509852649065095	0.534505573694735	0.566010505630629	0.553065647287527	0.478300005105081	0.471654042146225	0.530325627553397	0.0111181458944935	0.389262573672685	0.0171413951587781	0.56636329316372	0.601374713573062	0.606171053895208	0.0200998768823298	0.468924556885573	0.0147947497227448	0	0.0147947497227448	0.663303381389193	0.368958710168315	0.0159845704499715	0	0.0182482326002883	0.630007135939133	0	0.0205644460889909	0.560167078019517	0.513840003146159	0.486430647992799	0.557850827949046
Glutaredoxins	0.0140494760173113	0.0140494760173113	0.0140494760173113	0.0142036864807247	0.0140494760173113	0.0140494760173113	0.0142036864807247	0.274929153980257	0.0159845704499715	0.300038969494301	0.0144816151879322	0.0146709962372866	0.0159845704499715	0.0200998768823298	0.0144816151879322	0.0147947497227448	0	0.0147947497227448	0.0147947497227448	0.0159845704499715	0.0159845704499715	0.173436197069709	0.0182482326002883	0.0182482326002883	0	0.0205644460889909	0.0142036864807247	0.0144816151879322	0.0140494760173113	0.0142036864807247
Glutathione-dependent_pathway_of_formaldehyde_detoxification	0.0140494760173113	0.0140494760173113	0.0140494760173113	0.0142036864807247	0.0140494760173113	0.0140494760173113	0.0142036864807247	0.0111181458944935	0.0159845704499715	0.0171413951587781	0.0144816151879322	0.0146709962372866	0.0159845704499715	0.0200998768823298	0.0144816151879322	0.0147947497227448	0	0.0147947497227448	0.0147947497227448	0.0159845704499715	0.257271353751161	0	0.0182482326002883	0.0182482326002883	0	0.0205644460889909	0.0142036864807247	0.0144816151879322	0.0140494760173113	0.0142036864807247
Glutathione-regulated_potassium-efflux_system_and_associated_functions	0.0140494760173113	0.0140494760173113	0.0140494760173113	0.0142036864807247	0.0140494760173113	0.0140494760173113	0.0142036864807247	0.158631771069698	0.0159845704499715	0.0171413951587781	0.0144816151879322	0.0146709962372866	0.0159845704499715	0.0200998768823298	0.0144816151879322	0.0147947497227448	0	0.0147947497227448	0.0147947497227448	0.0159845704499715	0.0159845704499715	0	0.0182482326002883	0.0182482326002883	0.285503560530503	0.0205644460889909	0.0142036864807247	0.0144816151879322	0.0140494760173113	0.0142036864807247
Glutathione:_Non-redox_reactions	0.0140494760173113	0.0140494760173113	0.0140494760173113	0.0142036864807247	0.0140494760173113	0.0140494760173113	0.0142036864807247	0.0111181458944935	0.0159845704499715	0.0171413951587781	0.0144816151879322	0.3822408865636	0.0159845704499715	0.0200998768823298	0.0144816151879322	0.0147947497227448	0	0.0147947497227448	0.0147947497227448	0.0159845704499715	0.0159845704499715	0	0.0182482326002883	0.0182482326002883	0	0.0205644460889909	0.0142036864807247	0.0144816151879322	0.0140494760173113	0.0142036864807247
Glutathionylspermidine_and_Trypanothione	0.0140494760173113	0.0140494760173113	0.0140494760173113	0.0142036864807247	0.0140494760173113	0.0140494760173113	0.0142036864807247	0.317916340856734	0.0159845704499715	0.0171413951587781	0.0144816151879322	0.0146709962372866	0.0159845704499715	0.0200998768823298	0.0144816151879322	0.0147947497227448	0.458246267784004	0.0147947497227448	0.0147947497227448	0.0159845704499715	0.0159845704499715	0.277290154767818	0.0182482326002883	0.0182482326002883	0.31168353653899	0.0205644460889909	0.0142036864807247	0.0144816151879322	0.0140494760173113	0.0142036864807247
Glycerol_fermenation_to_1,3-propanediol	0.0140494760173113	0.0140494760173113	0.0140494760173113	0.0142036864807247	0.0140494760173113	0.0140494760173113	0.0142036864807247	0.0111181458944935	0.0159845704499715	0.0171413951587781	0.0144816151879322	0.0146709962372866	0.0159845704499715	0.0200998768823298	0.0144816151879322	0.0147947497227448	0	0.222817957354365	0.0147947497227448	0.0159845704499715	0.190839536734944	0.154998780340955	0.0182482326002883	0.0182482326002883	0	0.0205644460889909	0.0142036864807247	0.0144816151879322	0.0140494760173113	0.0142036864807247
H2:CoM-S-S-HTP_oxidoreductase	0.0140494760173113	0.0140494760173113	0.0140494760173113	0.0142036864807247	0.0140494760173113	0.0140494760173113	0.0142036864807247	0.199804588927389	0.0159845704499715	0.0171413951587781	0.0144816151879322	0.0146709962372866	0.0159845704499715	0.0200998768823298	0.0144816151879322	0.0147947497227448	0	0.0147947497227448	0.0147947497227448	0.0159845704499715	0.0159845704499715	0	0.0182482326002883	0.0182482326002883	0.154998780340955	0.0205644460889909	0.0142036864807247	0.0144816151879322	0.0140494760173113	0.0142036864807247
Hydroxyaromatic_decarboxylase_family	0.0140494760173113	0.0140494760173113	0.0140494760173113	0.0142036864807247	0.0140494760173113	0.0140494760173113	0.0142036864807247	0.0111181458944935	0.0159845704499715	0.0171413951587781	0.0144816151879322	0.0146709962372866	0.0159845704499715	0.0200998768823298	0.0144816151879322	0.0147947497227448	0.387682242394141	0.0147947497227448	0.0147947497227448	0.0159845704499715	0.0159845704499715	0	0.0182482326002883	0.0182482326002883	0	0.0205644460889909	0.0142036864807247	0.0144816151879322	0.0140494760173113	0.0142036864807247
Inner_membrane_protein_YhjD_and_conserved_cluster_involved_in_LPS_biosynthesis	0.0140494760173113	0.0140494760173113	0.0140494760173113	0.0142036864807247	0.0140494760173113	0.0140494760173113	0.0142036864807247	0.0111181458944935	0.0159845704499715	0.0171413951587781	0.0144816151879322	0.0146709962372866	0.0159845704499715	0.0200998768823298	0.0144816151879322	0.0147947497227448	0.473124296678444	0.0147947497227448	0.0147947497227448	0.0159845704499715	0.0159845704499715	0	0.0182482326002883	0.0182482326002883	0	0.0205644460889909	0.0142036864807247	0.0144816151879322	0.0140494760173113	0.0142036864807247
Inositol_catabolism	0.0140494760173113	0.0140494760173113	0.0140494760173113	0.0142036864807247	0.0140494760173113	0.0140494760173113	0.0142036864807247	0.0111181458944935	0.0159845704499715	0.0171413951587781	0.0144816151879322	0.0146709962372866	0.0159845704499715	0.0200998768823298	0.0144816151879322	0.0147947497227448	0	0.0147947497227448	0.0147947497227448	0.0159845704499715	0.0159845704499715	0	0.0182482326002883	0.0182482326002883	0	0.0205644460889909	0.0142036864807247	0.0144816151879322	0.0140494760173113	0.336320186872952
Integrons	0.0140494760173113	0.0140494760173113	0.0140494760173113	0.0142036864807247	0.0140494760173113	0.0140494760173113	0.0142036864807247	0.0111181458944935	0.0159845704499715	0.0171413951587781	0.0144816151879322	0.0146709962372866	0.0159845704499715	0.0200998768823298	0.0144816151879322	0.0147947497227448	0	0.0147947497227448	0.0147947497227448	0.22856492548475	0.0159845704499715	0	0.0182482326002883	0.0182482326002883	0	0.0205644460889909	0.0142036864807247	0.0144816151879322	0.0140494760173113	0.0142036864807247
Intracellular_septation_in_Enterobacteria	0.0140494760173113	0.0140494760173113	0.0140494760173113	0.0142036864807247	0.0140494760173113	0.0140494760173113	0.0142036864807247	0.0111181458944935	0.0159845704499715	0.0171413951587781	0.0144816151879322	0.0146709962372866	0.0159845704499715	0.0200998768823298	0.0144816151879322	0.0147947497227448	0	0.0147947497227448	0.0147947497227448	0.0159845704499715	0.237746694413108	0	0.0182482326002883	0.0182482326002883	0	0.0205644460889909	0.0142036864807247	0.0144816151879322	0.0140494760173113	0.0142036864807247
L-ascorbate_utilization_(and_related_gene_clusters)	0.0140494760173113	0.0140494760173113	0.0140494760173113	0.0142036864807247	0.0140494760173113	0.0140494760173113	0.0142036864807247	0.0111181458944935	0.0159845704499715	0.0171413951587781	0.0144816151879322	0.0146709962372866	0.0159845704499715	0.449418584864268	0.0144816151879322	0.0147947497227448	0	0.0147947497227448	0.0147947497227448	0.0159845704499715	0.0159845704499715	0	0.0182482326002883	0.0182482326002883	0	0.0205644460889909	0.0142036864807247	0.0144816151879322	0.0140494760173113	0.0142036864807247
Late_competence	0.0140494760173113	0.0140494760173113	0.0140494760173113	0.0142036864807247	0.0140494760173113	0.0140494760173113	0.0142036864807247	0.0111181458944935	0.0159845704499715	0.238014488505777	0.0144816151879322	0.0146709962372866	0.0159845704499715	0.0200998768823298	0.0144816151879322	0.0147947497227448	0	0.216562326200312	0.0147947497227448	0.0159845704499715	0.0159845704499715	0.154998780340955	0.178596119373327	0.0182482326002883	0	0.0205644460889909	0.0142036864807247	0.0144816151879322	0.0140494760173113	0.0142036864807247
Lipid_A_modifications	0.0140494760173113	0.0140494760173113	0.0140494760173113	0.0142036864807247	0.0140494760173113	0.0140494760173113	0.0142036864807247	0.0111181458944935	0.0159845704499715	0.0171413951587781	0.0144816151879322	0.0146709962372866	0.0159845704499715	0.0200998768823298	0.0144816151879322	0.0147947497227448	0	0.0147947497227448	0.0147947497227448	0.0159845704499715	0.0159845704499715	0.260915864941999	0.0182482326002883	0.0182482326002883	0	0.0205644460889909	0.0142036864807247	0.0144816151879322	0.0140494760173113	0.0142036864807247
Listeria_bile_tolerance_locus_BltB	0.0140494760173113	0.0140494760173113	0.0140494760173113	0.0142036864807247	0.0140494760173113	0.0140494760173113	0.0142036864807247	0.0111181458944935	0.0159845704499715	0.0171413951587781	0.0144816151879322	0.0146709962372866	0.0159845704499715	0.0200998768823298	0.0144816151879322	0.0147947497227448	0	0.0147947497227448	0.0147947497227448	0.0159845704499715	0.0159845704499715	0	0.233933324435326	0.0182482326002883	0	0.0205644460889909	0.0142036864807247	0.0144816151879322	0.0140494760173113	0.0142036864807247
Listeria_surface_proteins:_Internalin-like_proteins	0.334127085228791	0.0140494760173113	0.0140494760173113	0.0142036864807247	0.0140494760173113	0.0140494760173113	0.0142036864807247	0.0111181458944935	0.0159845704499715	0.0171413951587781	0.0144816151879322	0.0146709962372866	0.0159845704499715	0.0200998768823298	0.0144816151879322	0.0147947497227448	0	0.0147947497227448	0.0147947497227448	0.0159845704499715	0.0159845704499715	0	0.0182482326002883	0.0182482326002883	0	0.0205644460889909	0.0142036864807247	0.0144816151879322	0.327494424482045	0.0142036864807247
Lysozyme_inhibitors	0.0140494760173113	0.0140494760173113	0.0140494760173113	0.0142036864807247	0.0140494760173113	0.209109098588481	0.0142036864807247	0.0111181458944935	0.0159845704499715	0.0171413951587781	0.0144816151879322	0.0146709962372866	0.0159845704499715	0.0200998768823298	0.0144816151879322	0.0147947497227448	0.395227751752446	0.0147947497227448	0.0147947497227448	0.0159845704499715	0.0159845704499715	0	0.0182482326002883	0.0182482326002883	0	0.0205644460889909	0.0142036864807247	0.0144816151879322	0.0140494760173113	0.0142036864807247
Mebrane_bound_hydrogenases	0.0140494760173113	0.0140494760173113	0.0140494760173113	0.0142036864807247	0.0140494760173113	0.0140494760173113	0.0142036864807247	0.0111181458944935	0.0159845704499715	0.0171413951587781	0.0144816151879322	0.0146709962372866	0.0159845704499715	0.0200998768823298	0.0144816151879322	0.0147947497227448	0.219084563823078	0.0147947497227448	0.0147947497227448	0.0159845704499715	0.24862057164736	0	0.0182482326002883	0.0182482326002883	0	0.0205644460889909	0.0142036864807247	0.0144816151879322	0.0140494760173113	0.0142036864807247
Mediator_of_hyperadherence_YidE_in_Enterobacteria_and_its_conserved_region	0.0140494760173113	0.0140494760173113	0.0140494760173113	0.0142036864807247	0.0140494760173113	0.0140494760173113	0.0142036864807247	0.158631771069698	0.0159845704499715	0.0171413951587781	0.0144816151879322	0.0146709962372866	0.0159845704499715	0.0200998768823298	0.0144816151879322	0.0147947497227448	0.455859185789385	0.0147947497227448	0.0147947497227448	0.0159845704499715	0.0159845704499715	0.287923046216512	0.0182482326002883	0.0182482326002883	0.25863693050218	0.0205644460889909	0.0142036864807247	0.0144816151879322	0.0140494760173113	0.0142036864807247
Menaquinone_and_Phylloquinone_Biosynthesis	0.0140494760173113	0.0140494760173113	0.0140494760173113	0.0142036864807247	0.0140494760173113	0.0140494760173113	0.0142036864807247	0.0111181458944935	0.0159845704499715	0.0171413951587781	0.0144816151879322	0.804707930649881	0.0159845704499715	0.0200998768823298	0.0144816151879322	0.0147947497227448	0	0.0147947497227448	0.0147947497227448	0.0159845704499715	0.0159845704499715	0	0.0182482326002883	0.0182482326002883	0	0.0205644460889909	0.0142036864807247	0.0144816151879322	0.0140494760173113	0.0142036864807247
MukBEF_Chromosome_Condensation	0.0140494760173113	0.0140494760173113	0.0140494760173113	0.0142036864807247	0.0140494760173113	0.0140494760173113	0.0142036864807247	0.0111181458944935	0.0159845704499715	0.0171413951587781	0.0144816151879322	0.0146709962372866	0.0159845704499715	0.0200998768823298	0.0144816151879322	0.0147947497227448	0	0.0147947497227448	0.0147947497227448	0.0159845704499715	0.209607175575302	0	0.0182482326002883	0.0182482326002883	0	0.0205644460889909	0.0142036864807247	0.0144816151879322	0.0140494760173113	0.0142036864807247
Multiple_Antibiotic_Resistance_MAR_locus	0.0140494760173113	0.0140494760173113	0.0140494760173113	0.0142036864807247	0.0140494760173113	0.0140494760173113	0.0142036864807247	0.0111181458944935	0.0159845704499715	0.0171413951587781	0.0144816151879322	0.0146709962372866	0.0159845704499715	0.0200998768823298	0.0144816151879322	0.0147947497227448	0.369850600936101	0.0147947497227448	0.0147947497227448	0.0159845704499715	0.0159845704499715	0.154998780340955	0.0182482326002883	0.0182482326002883	0.219084563823078	0.0205644460889909	0.0142036864807247	0.0144816151879322	0.0140494760173113	0.0142036864807247
Natural_DNA_Transformation_in_Vibrio	0.0140494760173113	0.0140494760173113	0.0140494760173113	0.0142036864807247	0.0140494760173113	0.0140494760173113	0.0142036864807247	0.0111181458944935	0.0159845704499715	0.0171413951587781	0.0144816151879322	0.0146709962372866	0.0159845704499715	0.0200998768823298	0.0144816151879322	0.0147947497227448	0.250960291383392	0.0147947497227448	0.0147947497227448	0.0159845704499715	0.0159845704499715	0	0.0182482326002883	0.0182482326002883	0	0.0205644460889909	0.0142036864807247	0.0144816151879322	0.0140494760173113	0.0142036864807247
Nucleoid-associated_proteins_in_Bacteria	0.209109098588481	0.237296568226023	0.241244025763224	0.177482037730387	0.241244025763224	0.241244025763224	0.0142036864807247	0.0111181458944935	0.0159845704499715	0.0171413951587781	0.0144816151879322	0.0146709962372866	0.201081815637199	0.191924768397205	0.209220572227018	0.0147947497227448	0	0.0147947497227448	0.245025663218126	0.223110009103089	0.0159845704499715	0	0.0182482326002883	0.0182482326002883	0.244944698338669	0.0205644460889909	0.200616413148876	0.0144816151879322	0.209109098588481	0.200616413148876
O-antigen_capsule_important_for_environmental_persistence	0.0140494760173113	0.0140494760173113	0.0140494760173113	0.0142036864807247	0.0140494760173113	0.0140494760173113	0.0142036864807247	0.189539421375869	0.0159845704499715	0.0171413951587781	0.0144816151879322	0.0146709962372866	0.0159845704499715	0.0200998768823298	0.0144816151879322	0.0147947497227448	0.493565152244301	0.0147947497227448	0.0147947497227448	0.0159845704499715	0.0159845704499715	0.233943796042491	0.0182482326002883	0.0182482326002883	0.341752709174514	0.0205644460889909	0.0142036864807247	0.0144816151879322	0.0140494760173113	0.0142036864807247
Octadecanoids	0.0140494760173113	0.0140494760173113	0.0140494760173113	0.0142036864807247	0.0140494760173113	0.0140494760173113	0.0142036864807247	0.0111181458944935	0.0159845704499715	0.0171413951587781	0.0144816151879322	0.0146709962372866	0.0159845704499715	0.0200998768823298	0.0144816151879322	0.0147947497227448	0.270774998815594	0.0147947497227448	0.0147947497227448	0.0159845704499715	0.0159845704499715	0	0.0182482326002883	0.0182482326002883	0	0.0205644460889909	0.0142036864807247	0.0144816151879322	0.0140494760173113	0.0142036864807247
Orphan_regulatory_proteins	0.0140494760173113	0.0140494760173113	0.0140494760173113	0.0142036864807247	0.0140494760173113	0.0140494760173113	0.0142036864807247	0.0111181458944935	0.0159845704499715	0.0171413951587781	0.0144816151879322	0.0146709962372866	0.0159845704499715	0.0200998768823298	0.0144816151879322	0.0147947497227448	0	0.0147947497227448	0.0147947497227448	0.0159845704499715	0.0159845704499715	0.25863693050218	0.0182482326002883	0.0182482326002883	0	0.0205644460889909	0.0142036864807247	0.0144816151879322	0.0140494760173113	0.0142036864807247
Osmoprotectant_ABC_transporter_YehZYXW_of_Enterobacteriales	0.0140494760173113	0.0140494760173113	0.0140494760173113	0.0142036864807247	0.0140494760173113	0.0140494760173113	0.0142036864807247	0.0111181458944935	0.0159845704499715	0.0171413951587781	0.0144816151879322	0.0146709962372866	0.0159845704499715	0.0200998768823298	0.0144816151879322	0.0147947497227448	0	0.0147947497227448	0.0147947497227448	0.0159845704499715	0.0159845704499715	0	0.0182482326002883	0.0182482326002883	0.212738056923318	0.0205644460889909	0.0142036864807247	0.0144816151879322	0.0140494760173113	0.0142036864807247
Peptidoglycan_Crosslinking_of_Peptide_Stems	0.0140494760173113	0.0140494760173113	0.0140494760173113	0.0142036864807247	0.0140494760173113	0.0140494760173113	0.0142036864807247	0.0111181458944935	0.0159845704499715	0.0171413951587781	0.0144816151879322	0.0146709962372866	0.0159845704499715	0.0200998768823298	0.0144816151879322	0.0147947497227448	0.437219101994124	0.0147947497227448	0.0147947497227448	0.0159845704499715	0.0159845704499715	0	0.0182482326002883	0.0182482326002883	0.277290154767818	0.0205644460889909	0.0142036864807247	0.0144816151879322	0.0140494760173113	0.0142036864807247
Periplasmic_Acid_Stress_Response_in_Enterobacteria	0.0140494760173113	0.0140494760173113	0.0140494760173113	0.0142036864807247	0.0140494760173113	0.0140494760173113	0.0142036864807247	0.0111181458944935	0.0159845704499715	0.0171413951587781	0.0144816151879322	0.0146709962372866	0.0159845704499715	0.0200998768823298	0.0144816151879322	0.0147947497227448	0.389257339844543	0.0147947497227448	0.0147947497227448	0.0159845704499715	0.0159845704499715	0	0.0182482326002883	0.0182482326002883	0	0.0205644460889909	0.0142036864807247	0.0144816151879322	0.0140494760173113	0.0142036864807247
Phage_Ea_cluster	0.0140494760173113	0.0140494760173113	0.0140494760173113	0.0142036864807247	0.0140494760173113	0.0140494760173113	0.0142036864807247	0.0111181458944935	0.0159845704499715	0.0171413951587781	0.0144816151879322	0.0146709962372866	0.0159845704499715	0.0200998768823298	0.0144816151879322	0.0147947497227448	0.385906885775326	0.0147947497227448	0.0147947497227448	0.0159845704499715	0.0159845704499715	0	0.0182482326002883	0.0182482326002883	0	0.0205644460889909	0.0142036864807247	0.0144816151879322	0.0140494760173113	0.0142036864807247
Phage_nin_genes_-_N-independent_survival	0.0140494760173113	0.0140494760173113	0.0140494760173113	0.0142036864807247	0.0140494760173113	0.0140494760173113	0.209148894537479	0.0111181458944935	0.0159845704499715	0.0171413951587781	0.0144816151879322	0.0146709962372866	0.0159845704499715	0.0200998768823298	0.0144816151879322	0.0147947497227448	0	0.0147947497227448	0.0147947497227448	0.0159845704499715	0.262193256619004	0.229539915022249	0.0182482326002883	0.0182482326002883	0	0.0205644460889909	0.0142036864807247	0.0144816151879322	0.0140494760173113	0.0142036864807247
Phage_tail_proteins_2	0.0140494760173113	0.0140494760173113	0.0140494760173113	0.0142036864807247	0.0140494760173113	0.0140494760173113	0.0142036864807247	0.0111181458944935	0.0159845704499715	0.0171413951587781	0.0144816151879322	0.0146709962372866	0.0159845704499715	0.0200998768823298	0.0144816151879322	0.0147947497227448	0.363640179668871	0.0147947497227448	0.0147947497227448	0.0159845704499715	0.223110009103089	0.237935162205118	0.0182482326002883	0.0182482326002883	0.241584185102726	0.0205644460889909	0.0142036864807247	0.0144816151879322	0.0140494760173113	0.0142036864807247
Phenol_hydroxylase	0.0140494760173113	0.0140494760173113	0.0140494760173113	0.0142036864807247	0.0140494760173113	0.0140494760173113	0.292108379141137	0.0111181458944935	0.0159845704499715	0.0171413951587781	0.0144816151879322	0.0146709962372866	0.0159845704499715	0.0200998768823298	0.0144816151879322	0.0147947497227448	0	0.0147947497227448	0.0147947497227448	0.0159845704499715	0.0159845704499715	0	0.0182482326002883	0.0182482326002883	0	0.0205644460889909	0.0142036864807247	0.0144816151879322	0.0140494760173113	0.0142036864807247
Phenylpropionate_Degradation	0.0140494760173113	0.0140494760173113	0.0140494760173113	0.0142036864807247	0.0140494760173113	0.0140494760173113	0.0142036864807247	0.0111181458944935	0.0159845704499715	0.0171413951587781	0.0144816151879322	0.0146709962372866	0.0159845704499715	0.0200998768823298	0.0144816151879322	0.0147947497227448	0.404513020395364	0.0147947497227448	0.0147947497227448	0.0159845704499715	0.0159845704499715	0.268977418685388	0.0182482326002883	0.0182482326002883	0	0.0205644460889909	0.0142036864807247	0.0144816151879322	0.0140494760173113	0.0142036864807247
Polyadenylation_specificity_factor	0.0140494760173113	0.0140494760173113	0.0140494760173113	0.0142036864807247	0.0140494760173113	0.0140494760173113	0.0142036864807247	0.0111181458944935	0.0159845704499715	0.0171413951587781	0.0144816151879322	0.0146709962372866	0.0159845704499715	0.0200998768823298	0.0144816151879322	0.0147947497227448	0	0.0147947497227448	0.0147947497227448	0.0159845704499715	0.0159845704499715	0	0.0182482326002883	0.0182482326002883	0.224629795467028	0.0205644460889909	0.0142036864807247	0.0144816151879322	0.0140494760173113	0.0142036864807247
Prophage-encoded_Exotoxins	0.0140494760173113	0.379445258034327	0.0140494760173113	0.0142036864807247	0.0140494760173113	0.0140494760173113	0.0142036864807247	0.0111181458944935	0.0159845704499715	0.0171413951587781	0.0144816151879322	0.0146709962372866	0.0159845704499715	0.0200998768823298	0.0144816151879322	0.0147947497227448	0	0.209301259705708	0.0147947497227448	0.0159845704499715	0.0159845704499715	0	0.0182482326002883	0.0182482326002883	0	0.0205644460889909	0.0142036864807247	0.0144816151879322	0.376686523877364	0.0142036864807247
Proteasome_eukaryotic	0.0140494760173113	0.0140494760173113	0.0140494760173113	0.0142036864807247	0.0140494760173113	0.0140494760173113	0.190365901747473	0.0111181458944935	0.0159845704499715	0.0171413951587781	0.0144816151879322	0.0146709962372866	0.0159845704499715	0.0200998768823298	0.0144816151879322	0.0147947497227448	0	0.0147947497227448	0.0147947497227448	0.0159845704499715	0.0159845704499715	0	0.0182482326002883	0.0182482326002883	0	0.0205644460889909	0.0142036864807247	0.0144816151879322	0.0140494760173113	0.0142036864807247
Protein_YjgK_cluster_linked_to_biofilm_formation	0.0140494760173113	0.309624267002804	0.321523175811899	0.0142036864807247	0.27720726968396	0.278795403056207	0.0142036864807247	0.0111181458944935	0.262193256619004	0.0171413951587781	0.0144816151879322	0.0146709962372866	0.0159845704499715	0.0200998768823298	0.30816837151763	0.0147947497227448	0.41597080046741	0.0147947497227448	0.248353022643344	0.0159845704499715	0.0159845704499715	0.274157238525246	0.0182482326002883	0.0182482326002883	0.287923046216512	0.0205644460889909	0.268265815319064	0.0144816151879322	0.281803997845809	0.0142036864807247
Pseudaminic_Acid_Biosynthesis	0.0140494760173113	0.0140494760173113	0.0140494760173113	0.0142036864807247	0.0140494760173113	0.0140494760173113	0.0142036864807247	0.0111181458944935	0.0159845704499715	0.0171413951587781	0.0144816151879322	0.0146709962372866	0.0159845704499715	0.0200998768823298	0.0144816151879322	0.0147947497227448	0	0.0147947497227448	0.305807067099028	0.0159845704499715	0.0159845704499715	0	0.0182482326002883	0.0182482326002883	0	0.0205644460889909	0.0142036864807247	0.0144816151879322	0.0140494760173113	0.0142036864807247
Pseudouridine_catabolism	0.0140494760173113	0.0140494760173113	0.0140494760173113	0.0142036864807247	0.0140494760173113	0.0140494760173113	0.0142036864807247	0.227389214782128	0.0159845704499715	0.0171413951587781	0.0144816151879322	0.0146709962372866	0.0159845704499715	0.0200998768823298	0.0144816151879322	0.0147947497227448	0	0.0147947497227448	0.0147947497227448	0.0159845704499715	0.0159845704499715	0	0.0182482326002883	0.0182482326002883	0.274157238525246	0.0205644460889909	0.248219761558417	0.0144816151879322	0.0140494760173113	0.0142036864807247
Putative_diaminopropionate_ammonia-lyase_cluster	0.0140494760173113	0.0140494760173113	0.0140494760173113	0.0142036864807247	0.0140494760173113	0.0140494760173113	0.222672437550062	0.0111181458944935	0.0159845704499715	0.0171413951587781	0.286042721607682	0.0146709962372866	0.0159845704499715	0.0200998768823298	0.0144816151879322	0.159786541366542	0	0.0147947497227448	0.0147947497227448	0.0159845704499715	0.0159845704499715	0	0.0182482326002883	0.0182482326002883	0.349289351371593	0.0205644460889909	0.0142036864807247	0.0144816151879322	0.0140494760173113	0.0142036864807247
Pyrimidine_utilization	0.0140494760173113	0.0140494760173113	0.0140494760173113	0.0142036864807247	0.0140494760173113	0.0140494760173113	0.0142036864807247	0.0111181458944935	0.0159845704499715	0.0171413951587781	0.0144816151879322	0.0146709962372866	0.0159845704499715	0.0200998768823298	0.0144816151879322	0.0147947497227448	0	0.0147947497227448	0.0147947497227448	0.0159845704499715	0.0159845704499715	0.250960291383392	0.0182482326002883	0.0182482326002883	0	0.0205644460889909	0.0142036864807247	0.0144816151879322	0.0140494760173113	0.0142036864807247
Quorum_sensing_in_Yersinia	0.0140494760173113	0.0140494760173113	0.0140494760173113	0.0142036864807247	0.0140494760173113	0.0140494760173113	0.0142036864807247	0.0111181458944935	0.0159845704499715	0.0171413951587781	0.0144816151879322	0.0146709962372866	0.0159845704499715	0.0200998768823298	0.0144816151879322	0.0147947497227448	0.31494471220503	0.0147947497227448	0.0147947497227448	0.0159845704499715	0.0159845704499715	0	0.0182482326002883	0.0182482326002883	0	0.0205644460889909	0.0142036864807247	0.0144816151879322	0.0140494760173113	0.0142036864807247
Quorum-sensing_in_Vibrio	0.0140494760173113	0.0140494760173113	0.0140494760173113	0.0142036864807247	0.679675031610247	0.0140494760173113	0.0142036864807247	0.0111181458944935	0.0159845704499715	0.0171413951587781	0.0144816151879322	0.0146709962372866	0.0159845704499715	0.0200998768823298	0.0144816151879322	0.0147947497227448	0	0.0147947497227448	0.0147947497227448	0.0159845704499715	0.0159845704499715	0	0.0182482326002883	0.0182482326002883	0	0.0205644460889909	0.0142036864807247	0.0144816151879322	0.0140494760173113	0.0142036864807247
r1t-like_streptococcal_phages	0.0140494760173113	0.0140494760173113	0.0140494760173113	0.0142036864807247	0.0140494760173113	0.0140494760173113	0.0142036864807247	0.158631771069698	0.0159845704499715	0.191145893864723	0.0144816151879322	0.0146709962372866	0.0159845704499715	0.0200998768823298	0.0144816151879322	0.0147947497227448	0	0.0147947497227448	0.0147947497227448	0.0159845704499715	0.0159845704499715	0	0.0182482326002883	0.0182482326002883	0	0.0205644460889909	0.0142036864807247	0.36229609615364	0.0140494760173113	0.0142036864807247
Resistance_to_Vancomycin	0.0140494760173113	0.0140494760173113	0.0140494760173113	0.0142036864807247	0.0140494760173113	0.0140494760173113	0.0142036864807247	0.0111181458944935	0.0159845704499715	0.0171413951587781	0.0144816151879322	0.0146709962372866	0.0159845704499715	0.0200998768823298	0.0144816151879322	0.0147947497227448	0	0.0147947497227448	0.0147947497227448	0.0159845704499715	0.0159845704499715	0	0.0182482326002883	0.0182482326002883	0	0.249641715746457	0.0142036864807247	0.0144816151879322	0.0140494760173113	0.0142036864807247
Ribosome_activity_modulation	0.0140494760173113	0.0140494760173113	0.0140494760173113	0.0142036864807247	0.0140494760173113	0.0140494760173113	0.0142036864807247	0.0111181458944935	0.0159845704499715	0.0171413951587781	0.0144816151879322	0.0146709962372866	0.0159845704499715	0.0200998768823298	0.0144816151879322	0.0147947497227448	0.336538427272991	0.0147947497227448	0.0147947497227448	0.0159845704499715	0.0159845704499715	0	0.0182482326002883	0.0182482326002883	0	0.0205644460889909	0.0142036864807247	0.0144816151879322	0.0140494760173113	0.0142036864807247
Ribosome_LSU_chloroplast	0.0140494760173113	0.0140494760173113	0.0140494760173113	0.0142036864807247	0.0140494760173113	0.0140494760173113	0.0142036864807247	0.0111181458944935	0.0159845704499715	0.0171413951587781	0.0144816151879322	0.0146709962372866	0.0159845704499715	0.0200998768823298	0.0144816151879322	0.159786541366542	0	0.200771131837763	0.0147947497227448	0.0159845704499715	0.0159845704499715	0	0.0182482326002883	0.0182482326002883	0	0.0205644460889909	0.0142036864807247	0.0144816151879322	0.0140494760173113	0.0142036864807247
Ribosome_LSU_mitochondrial	0.0140494760173113	0.0140494760173113	0.0140494760173113	0.0142036864807247	0.0140494760173113	0.0140494760173113	0.190365901747473	0.0111181458944935	0.0159845704499715	0.0171413951587781	0.0144816151879322	0.0146709962372866	0.0159845704499715	0.0200998768823298	0.159689038346575	0.0147947497227448	0	0.0147947497227448	0.0147947497227448	0.0159845704499715	0.0159845704499715	0	0.0182482326002883	0.0182482326002883	0	0.0205644460889909	0.0142036864807247	0.0144816151879322	0.0140494760173113	0.190365901747473
Ribosome_SSU_chloroplast	0.251271923654058	0.0140494760173113	0.0140494760173113	0.0142036864807247	0.20057600473494	0.0140494760173113	0.222672437550062	0.0111181458944935	0.29577134569422	0.0171413951587781	0.209220572227018	0.0146709962372866	0.237746694413108	0.0200998768823298	0.248282452517965	0.0147947497227448	0.173436197069709	0.0147947497227448	0.209301259705708	0.0159845704499715	0.0159845704499715	0	0.0182482326002883	0.201670084796937	0	0.0205644460889909	0.0142036864807247	0.159689038346575	0.0140494760173113	0.0142036864807247
Ribosome_SSU_eukaryotic_and_archaeal	0.0140494760173113	0.0140494760173113	0.0140494760173113	0.0142036864807247	0.0140494760173113	0.0140494760173113	0.159602367019681	0.0111181458944935	0.0159845704499715	0.0171413951587781	0.0144816151879322	0.0146709962372866	0.0159845704499715	0.0200998768823298	0.0144816151879322	0.0147947497227448	0	0.0147947497227448	0.0147947497227448	0.0159845704499715	0.0159845704499715	0	0.210186253434757	0.0182482326002883	0	0.0205644460889909	0.0142036864807247	0.0144816151879322	0.0140494760173113	0.159602367019681
Ribosome_SSU_mitochondrial	0.0140494760173113	0.0140494760173113	0.0140494760173113	0.0142036864807247	0.0140494760173113	0.0140494760173113	0.177482037730387	0.0111181458944935	0.0159845704499715	0.0171413951587781	0.0144816151879322	0.0146709962372866	0.0159845704499715	0.0200998768823298	0.0144816151879322	0.0147947497227448	0	0.159786541366542	0.0147947497227448	0.0159845704499715	0.0159845704499715	0	0.0182482326002883	0.0182482326002883	0	0.0205644460889909	0.0142036864807247	0.0144816151879322	0.0140494760173113	0.0142036864807247
RNA_polymerase_chloroplast	0.0140494760173113	0.0140494760173113	0.268232506663856	0.0142036864807247	0.22809967684108	0.0140494760173113	0.0142036864807247	0.227389214782128	0.241688487069378	0.0171413951587781	0.209220572227018	0.0146709962372866	0.0159845704499715	0.23869499282019	0.0144816151879322	0.222817957354365	0	0.283389301928767	0.0147947497227448	0.28363975169237	0.0159845704499715	0	0.210186253434757	0.0182482326002883	0.205407167531029	0.0205644460889909	0.177482037730387	0.222740899976205	0.209109098588481	0.0142036864807247
Serotype_determining_Capsular_polysaccharide_biosynthesis_in_Staphylococcus	0.0140494760173113	0.312559790792728	0.310376847950324	0.0142036864807247	0.0140494760173113	0.0140494760173113	0.0142036864807247	0.0111181458944935	0.0159845704499715	0.0171413951587781	0.0144816151879322	0.0146709962372866	0.0159845704499715	0.0200998768823298	0.0144816151879322	0.0147947497227448	0	0.0147947497227448	0.0147947497227448	0.0159845704499715	0.0159845704499715	0	0.0182482326002883	0.0182482326002883	0	0.0205644460889909	0.0142036864807247	0.0144816151879322	0.0140494760173113	0.272085536668021
Siderophore_Enterobactin	0.289730928816953	0.0140494760173113	0.272052438799279	0.0142036864807247	0.0140494760173113	0.278795403056207	0.0142036864807247	0.208349210137453	0.245295706969847	0.0171413951587781	0.0144816151879322	0.0146709962372866	0.0159845704499715	0.0200998768823298	0.0144816151879322	0.0147947497227448	0.537919513036546	0.0147947497227448	0.268393351870231	0.0159845704499715	0.201081815637199	0.335745809094685	0.0182482326002883	0.0182482326002883	0.334939925418936	0.0205644460889909	0.0142036864807247	0.0144816151879322	0.295368768574846	0.0142036864807247
Siderophore_Pyoverdine	0.222634422856175	0.209109098588481	0.0140494760173113	0.177482037730387	0.0140494760173113	0.216374011948093	0.0142036864807247	0.0111181458944935	0.0159845704499715	0.0171413951587781	0.0144816151879322	0.0146709962372866	0.0159845704499715	0.0200998768823298	0.0144816151879322	0.0147947497227448	0	0.0147947497227448	0.200771131837763	0.177974537227627	0.0159845704499715	0	0.0182482326002883	0.0182482326002883	0	0.0205644460889909	0.244891153781388	0.0144816151879322	0.20057600473494	0.0142036864807247
Siderophore_Staphylobactin	0.0140494760173113	0.237296568226023	0.0140494760173113	0.0142036864807247	0.0140494760173113	0.0140494760173113	0.0142036864807247	0.0111181458944935	0.0159845704499715	0.0171413951587781	0.0144816151879322	0.0146709962372866	0.0159845704499715	0.0200998768823298	0.0144816151879322	0.0147947497227448	0	0.0147947497227448	0.0147947497227448	0.0159845704499715	0.0159845704499715	0	0.0182482326002883	0.0182482326002883	0	0.0205644460889909	0.0142036864807247	0.0144816151879322	0.0140494760173113	0.0142036864807247
Single-Rhodanese-domain_proteins	0.0140494760173113	0.0140494760173113	0.0140494760173113	0.0142036864807247	0.570229279956712	0.0140494760173113	0.0142036864807247	0.0111181458944935	0.0159845704499715	0.0171413951587781	0.0144816151879322	0.0146709962372866	0.0159845704499715	0.0200998768823298	0.0144816151879322	0.0147947497227448	0.371511503625271	0.270345620415952	0.0147947497227448	0.0159845704499715	0.0159845704499715	0	0.160851705959172	0.0182482326002883	0.253676192025931	0.0205644460889909	0.0142036864807247	0.0144816151879322	0.0140494760173113	0.0142036864807247
SLO-NADGH_Locus	0.0140494760173113	0.0140494760173113	0.0140494760173113	0.0142036864807247	0.0140494760173113	0.0140494760173113	0.0142036864807247	0.0111181458944935	0.209607175575302	0.0171413951587781	0.0144816151879322	0.0146709962372866	0.0159845704499715	0.0200998768823298	0.0144816151879322	0.0147947497227448	0	0.0147947497227448	0.0147947497227448	0.0159845704499715	0.0159845704499715	0	0.0182482326002883	0.0182482326002883	0	0.0205644460889909	0.0142036864807247	0.0144816151879322	0.0140494760173113	0.0142036864807247
Small_acid-soluble_spore_proteins	0.0140494760173113	0.0140494760173113	0.0140494760173113	0.0142036864807247	0.0140494760173113	0.0140494760173113	0.0142036864807247	0.0111181458944935	0.0159845704499715	0.0171413951587781	0.0144816151879322	0.0146709962372866	0.0159845704499715	0.0200998768823298	0.0144816151879322	0.0147947497227448	0	0.0147947497227448	0.0147947497227448	0.0159845704499715	0.0159845704499715	0	0.0182482326002883	0.0182482326002883	0.18649680214892	0.0205644460889909	0.0142036864807247	0.0144816151879322	0.0140494760173113	0.0142036864807247
Sortase	0.0140494760173113	0.0140494760173113	0.0140494760173113	0.0142036864807247	0.0140494760173113	0.0140494760173113	0.0142036864807247	0.0111181458944935	0.0159845704499715	0.0171413951587781	0.0144816151879322	0.0146709962372866	0.0159845704499715	0.0200998768823298	0.264129792111817	0.0147947497227448	0	0.0147947497227448	0.0147947497227448	0.0159845704499715	0.0159845704499715	0	0.0182482326002883	0.0182482326002883	0	0.0205644460889909	0.0142036864807247	0.0144816151879322	0.0140494760173113	0.0142036864807247
SpoVS_protein_family	0.159554223751251	0.0140494760173113	0.0140494760173113	0.0142036864807247	0.0140494760173113	0.0140494760173113	0.0142036864807247	0.0111181458944935	0.0159845704499715	0.0171413951587781	0.0144816151879322	0.0146709962372866	0.0159845704499715	0.179100958203742	0.0144816151879322	0.0147947497227448	0	0.0147947497227448	0.0147947497227448	0.0159845704499715	0.0159845704499715	0	0.0182482326002883	0.0182482326002883	0	0.0205644460889909	0.0142036864807247	0.0144816151879322	0.0140494760173113	0.0142036864807247
Staphylococcal_phi-Mu50B-like_prophages	0.0140494760173113	0.0140494760173113	0.0140494760173113	0.0142036864807247	0.0140494760173113	0.0140494760173113	0.0142036864807247	0.0111181458944935	0.0159845704499715	0.0171413951587781	0.0144816151879322	0.0146709962372866	0.0159845704499715	0.0200998768823298	0.0144816151879322	0.0147947497227448	0	0.0147947497227448	0.0147947497227448	0.0159845704499715	0.0159845704499715	0	0.0182482326002883	0.0182482326002883	0	0.0205644460889909	0.0142036864807247	0.0144816151879322	0.911636319983915	0.0142036864807247
Staphylococcus_Two-component_and_Pore-forming_Cytolysins	0.0140494760173113	0.190324773063348	0.0140494760173113	0.0142036864807247	0.0140494760173113	0.0140494760173113	0.0142036864807247	0.0111181458944935	0.0159845704499715	0.0171413951587781	0.0144816151879322	0.0146709962372866	0.0159845704499715	0.0200998768823298	0.0144816151879322	0.0147947497227448	0	0.0147947497227448	0.0147947497227448	0.0159845704499715	0.0159845704499715	0	0.0182482326002883	0.0182482326002883	0	0.0205644460889909	0.0142036864807247	0.0144816151879322	0.0140494760173113	0.0142036864807247
Streptococcus_pneumoniae_Vancomycin_Tolerance_Locus	0.0140494760173113	0.0140494760173113	0.0140494760173113	0.0142036864807247	0.0140494760173113	0.0140494760173113	0.0142036864807247	0.0111181458944935	0.0159845704499715	0.0171413951587781	0.0144816151879322	0.0146709962372866	0.0159845704499715	0.0200998768823298	0.0144816151879322	0.0147947497227448	0	0.0147947497227448	0.0147947497227448	0.0159845704499715	0.362889457434275	0	0.368072971002028	0.0182482326002883	0	0.0205644460889909	0.0142036864807247	0.0144816151879322	0.0140494760173113	0.0142036864807247
Streptococcus_pyogenes_Virulome	0.0140494760173113	0.0140494760173113	0.0140494760173113	0.0142036864807247	0.0140494760173113	0.0140494760173113	0.0142036864807247	0.0111181458944935	0.0159845704499715	0.0171413951587781	0.0144816151879322	0.0146709962372866	0.0159845704499715	0.0200998768823298	0.0144816151879322	0.0147947497227448	0	0.0147947497227448	0.0147947497227448	0.0159845704499715	0.0159845704499715	0.253676192025931	0.0182482326002883	0.0182482326002883	0	0.0205644460889909	0.0142036864807247	0.0144816151879322	0.0140494760173113	0.0142036864807247
Sugar-phosphate_stress_regulation	0.0140494760173113	0.0140494760173113	0.0140494760173113	0.0142036864807247	0.0140494760173113	0.0140494760173113	0.0142036864807247	0.0111181458944935	0.0159845704499715	0.0171413951587781	0.0144816151879322	0.0146709962372866	0.0159845704499715	0.0200998768823298	0.0144816151879322	0.0147947497227448	0.380635204999418	0.0147947497227448	0.0147947497227448	0.0159845704499715	0.0159845704499715	0.244944698338669	0.0182482326002883	0.0182482326002883	0.26710060079945	0.0205644460889909	0.0142036864807247	0.0144816151879322	0.0140494760173113	0.0142036864807247
Sulfate_reduction-associated_complexes	0.0140494760173113	0.0140494760173113	0.0140494760173113	0.0142036864807247	0.0140494760173113	0.0140494760173113	0.0142036864807247	0.0111181458944935	0.0159845704499715	0.0171413951587781	0.0144816151879322	0.0146709962372866	0.0159845704499715	0.0200998768823298	0.0144816151879322	0.0147947497227448	0	0.0147947497227448	0.0147947497227448	0.0159845704499715	0.0159845704499715	0	0.0182482326002883	0.0182482326002883	0.290212420476547	0.0205644460889909	0.0142036864807247	0.0144816151879322	0.0140494760173113	0.0142036864807247
Tellurite_resistance:_Chromosomal_determinants	0.0140494760173113	0.0140494760173113	0.0140494760173113	0.0142036864807247	0.0140494760173113	0.0140494760173113	0.0142036864807247	0.0111181458944935	0.0159845704499715	0.0171413951587781	0.0144816151879322	0.0146709962372866	0.0159845704499715	0.0200998768823298	0.0144816151879322	0.200771131837763	0.382036386499267	0.0147947497227448	0.0147947497227448	0.0159845704499715	0.0159845704499715	0.253676192025931	0.0182482326002883	0.0182482326002883	0.25863693050218	0.0205644460889909	0.0142036864807247	0.0144816151879322	0.0140494760173113	0.0142036864807247
The_fimbrial_Sfm_cluster	0.0140494760173113	0.0140494760173113	0.0140494760173113	0.0142036864807247	0.0140494760173113	0.0140494760173113	0.0142036864807247	0.0111181458944935	0.0159845704499715	0.0171413951587781	0.0144816151879322	0.0146709962372866	0.0159845704499715	0.0200998768823298	0.0144816151879322	0.159786541366542	0	0.0147947497227448	0.0147947497227448	0.0159845704499715	0.0159845704499715	0.315568893629218	0.0182482326002883	0.0182482326002883	0	0.0205644460889909	0.0142036864807247	0.0144816151879322	0.0140494760173113	0.0142036864807247
The_fimbrial_Stf_cluster	0.0140494760173113	0.0140494760173113	0.0140494760173113	0.0142036864807247	0.0140494760173113	0.0140494760173113	0.0142036864807247	0.0111181458944935	0.0159845704499715	0.0171413951587781	0.0144816151879322	0.0146709962372866	0.0159845704499715	0.0200998768823298	0.0144816151879322	0.0147947497227448	0	0.0147947497227448	0.0147947497227448	0.0159845704499715	0.0159845704499715	0.154998780340955	0.0182482326002883	0.0182482326002883	0.233943796042491	0.0205644460889909	0.0142036864807247	0.0144816151879322	0.0140494760173113	0.0142036864807247
The_usher_protein_HtrE_fimbrial_cluster	0.0140494760173113	0.0140494760173113	0.0140494760173113	0.0142036864807247	0.0140494760173113	0.0140494760173113	0.0142036864807247	0.0111181458944935	0.0159845704499715	0.0171413951587781	0.0144816151879322	0.0146709962372866	0.0159845704499715	0.0200998768823298	0.0144816151879322	0.0147947497227448	0	0.0147947497227448	0.0147947497227448	0.0159845704499715	0.0159845704499715	0.316184375306971	0.0182482326002883	0.0182482326002883	0.334120267145543	0.0205644460889909	0.0142036864807247	0.0144816151879322	0.0140494760173113	0.0142036864807247
Toxin-antitoxin_systems_(other_than_RelBE_and_MazEF)	0.0140494760173113	0.0140494760173113	0.0140494760173113	0.0142036864807247	0.0140494760173113	0.0140494760173113	0.0142036864807247	0.158631771069698	0.0159845704499715	0.0171413951587781	0.0144816151879322	0.0146709962372866	0.0159845704499715	0.0200998768823298	0.0144816151879322	0.0147947497227448	0.389101431049097	0.0147947497227448	0.0147947497227448	0.0159845704499715	0.0159845704499715	0.263078875119782	0.0182482326002883	0.0182482326002883	0.248058863451557	0.0205644460889909	0.0142036864807247	0.0144816151879322	0.0140494760173113	0.0142036864807247
Transport_of_Nickel_and_Cobalt	0.0140494760173113	0.0140494760173113	0.0140494760173113	0.0142036864807247	0.0140494760173113	0.0140494760173113	0.0142036864807247	0.907346572032119	0.0159845704499715	0.898909355003439	0.0144816151879322	0.0146709962372866	0.0159845704499715	0.0200998768823298	0.0144816151879322	0.99045721609758	0	0.940829942443419	0.0147947497227448	0.0159845704499715	1	0.801982833922909	0.805880658975355	0.0182482326002883	0.787337600902606	0.849356381951723	0.0142036864807247	0.0144816151879322	0.0140494760173113	0.0142036864807247
trimethylamine_N-oxide_(TMAO)_reductase	0.0140494760173113	0.0140494760173113	0.0140494760173113	0.0142036864807247	0.0140494760173113	0.0140494760173113	0.0142036864807247	0.0111181458944935	0.0159845704499715	0.0171413951587781	0.0144816151879322	0.0146709962372866	0.0159845704499715	0.0200998768823298	0.0144816151879322	0.0147947497227448	0	0.0147947497227448	0.0147947497227448	0.0159845704499715	0.0159845704499715	0	0.0182482326002883	0.0182482326002883	0.19682013446294	0.0205644460889909	0.0142036864807247	0.0144816151879322	0.0140494760173113	0.0142036864807247
tRNA-dependent_amino_acid_transfers	0.0140494760173113	0.0140494760173113	0.0140494760173113	0.0142036864807247	0.0140494760173113	0.0140494760173113	0.0142036864807247	0.0111181458944935	0.0159845704499715	0.0171413951587781	0.0144816151879322	0.0146709962372866	0.0159845704499715	0.0200998768823298	0.0144816151879322	0.0147947497227448	0	0.248353022643344	0.0147947497227448	0.0159845704499715	0.0159845704499715	0	0.0182482326002883	0.0182482326002883	0.154998780340955	0.0205644460889909	0.0142036864807247	0.0144816151879322	0.0140494760173113	0.47999488345243
tRNAs	0.4122939778202	0.409917959608827	0.399215959301214	0.391452933051836	0.399070624294798	0.404679751129129	0.361976324035172	0.0111181458944935	0.0159845704499715	0.0171413951587781	0.0144816151879322	0.0146709962372866	0.0159845704499715	0.0200998768823298	0.0144816151879322	0.0147947497227448	0	0.0147947497227448	0.411882249268073	0.0159845704499715	0.0159845704499715	0	0.0182482326002883	0.0182482326002883	0	0.0205644460889909	0.0142036864807247	0.346641380732892	0.390601827011699	0.387805787044533
Two_partner_secretion_pathway_(TPS)	0.0140494760173113	0.0140494760173113	0.0140494760173113	0.0142036864807247	0.0140494760173113	0.0140494760173113	0.0142036864807247	0.0111181458944935	0.0159845704499715	0.0171413951587781	0.0144816151879322	0.0146709962372866	0.0159845704499715	0.0200998768823298	0.0144816151879322	0.0147947497227448	0.268977418685388	0.0147947497227448	0.0147947497227448	0.0159845704499715	0.0159845704499715	0	0.0182482326002883	0.0182482326002883	0	0.0205644460889909	0.0142036864807247	0.0144816151879322	0.0140494760173113	0.0142036864807247
Two-component_regulatory_systems_in_Campylobacter	0.0140494760173113	0.361683183367402	0.0140494760173113	0.0142036864807247	0.0140494760173113	0.297430996516412	0.0142036864807247	0.0111181458944935	0.0159845704499715	0.0171413951587781	0.0144816151879322	0.0146709962372866	0.0159845704499715	0.0200998768823298	0.0144816151879322	0.0147947497227448	0	0.0147947497227448	0.0147947497227448	0.0159845704499715	0.0159845704499715	0	0.0182482326002883	0.0182482326002883	0	0.0205644460889909	0.0142036864807247	0.411546332140988	0.0140494760173113	0.0142036864807247
Type_1_pili_(mannose-sensitive_fimbriae,_gamma-fimbriae)	0.0140494760173113	0.0140494760173113	0.0140494760173113	0.0142036864807247	0.0140494760173113	0.0140494760173113	0.0142036864807247	0.236609461632982	0.0159845704499715	0.0171413951587781	0.0144816151879322	0.0146709962372866	0.0159845704499715	0.0200998768823298	0.0144816151879322	0.0147947497227448	0.481433371075007	0.0147947497227448	0.0147947497227448	0.0159845704499715	0.0159845704499715	0.322975046942003	0.0182482326002883	0.0182482326002883	0.339585493874216	0.0205644460889909	0.0142036864807247	0.0144816151879322	0.0140494760173113	0.0142036864807247
Uncharacterized_sugar_kinase_cluster_(ygc)	0.0140494760173113	0.0140494760173113	0.0140494760173113	0.0142036864807247	0.0140494760173113	0.0140494760173113	0.0142036864807247	0.0111181458944935	0.0159845704499715	0.0171413951587781	0.0144816151879322	0.0146709962372866	0.0159845704499715	0.0200998768823298	0.0144816151879322	0.0147947497227448	0.469841118378849	0.200771131837763	0.0147947497227448	0.0159845704499715	0.0159845704499715	0.307419163942079	0.0182482326002883	0.0182482326002883	0.333705105302185	0.0205644460889909	0.0142036864807247	0.0144816151879322	0.0140494760173113	0.0142036864807247
Universal_stress_protein_family	0.0140494760173113	0.0140494760173113	0.0140494760173113	0.0142036864807247	0.0140494760173113	0.0140494760173113	0.0142036864807247	0.0111181458944935	0.0159845704499715	0.0171413951587781	0.0144816151879322	0.0146709962372866	0.0159845704499715	0.0200998768823298	0.0144816151879322	0.190523369950558	0.419755430104597	0.177645839502529	0.0147947497227448	0.0159845704499715	0.0159845704499715	0	0.0182482326002883	0.0182482326002883	0.277290154767818	0.0205644460889909	0.0142036864807247	0.0144816151879322	0.0140494760173113	0.0142036864807247
Unknown_carbohydrate_utilization_(_cluster_Yeg_)	0.0140494760173113	0.0140494760173113	0.0140494760173113	0.0142036864807247	0.0140494760173113	0.0140494760173113	0.0142036864807247	0.0111181458944935	0.0159845704499715	0.0171413951587781	0.0144816151879322	0.0146709962372866	0.0159845704499715	0.0200998768823298	0.0144816151879322	0.0147947497227448	0.803208057052638	0.0147947497227448	0.0147947497227448	0.0159845704499715	0.0159845704499715	0	0.0182482326002883	0.0182482326002883	0	0.0205644460889909	0.0142036864807247	0.0144816151879322	0.0140494760173113	0.0142036864807247
Unknown_carbohydrate_utilization_containing_Fructose-bisphosphate_aldolase	0.0140494760173113	0.0140494760173113	0.0140494760173113	0.0142036864807247	0.0140494760173113	0.0140494760173113	0.0142036864807247	0.0111181458944935	0.0159845704499715	0.0171413951587781	0.159689038346575	0.0146709962372866	0.0159845704499715	0.0200998768823298	0.0144816151879322	0.0147947497227448	0	0.0147947497227448	0.0147947497227448	0.0159845704499715	0.0159845704499715	0.265137221848974	0.0182482326002883	0.0182482326002883	0.298309866774039	0.0205644460889909	0.0142036864807247	0.0144816151879322	0.0140494760173113	0.0142036864807247
Unknown_oligosaccharide_utilization_Sde_1396	0.190324773063348	0.0140494760173113	0.159554223751251	0.0142036864807247	0.0140494760173113	0.0140494760173113	0.0142036864807247	0.616605790535303	0.0159845704499715	0.552113065983294	0.0144816151879322	0.0146709962372866	0.0159845704499715	0.0200998768823298	0.0144816151879322	0.518257681454407	0.526932881756018	0.625199406927022	0.0147947497227448	0.0159845704499715	0.573346783710464	0.544078224960884	0.56929102355158	0.0182482326002883	0	0.0205644460889909	0.0142036864807247	0.0144816151879322	0.0140494760173113	0.0142036864807247
Unknown_sugar_utilization_(cluster_yphABCDEFG)	0.0140494760173113	0.0140494760173113	0.222634422856175	0.0142036864807247	0.0140494760173113	0.0140494760173113	0.0142036864807247	0.0111181458944935	0.0159845704499715	0.0171413951587781	0.0144816151879322	0.0146709962372866	0.0159845704499715	0.0200998768823298	0.0144816151879322	0.0147947497227448	0.776657860125304	0.0147947497227448	0.0147947497227448	0.0159845704499715	0.0159845704499715	0	0.0182482326002883	0.0182482326002883	0.756749679000094	0.0205644460889909	0.0142036864807247	0.0144816151879322	0.0140494760173113	0.0142036864807247
Vibrio_pathogenicity_island	0.177439244559237	0.159554223751251	0.222634422856175	0.232981956222607	0.177439244559237	0.159554223751251	0.0142036864807247	0.0111181458944935	0.0159845704499715	0.0171413951587781	0.222740899976205	0.292206026438245	0.254578797764341	0.0200998768823298	0.0144816151879322	0.0147947497227448	0	0.0147947497227448	0.0147947497227448	0.0159845704499715	0.0159845704499715	0	0.0182482326002883	0.0182482326002883	0.154998780340955	0.26544134910862	0.228136861962828	0.0144816151879322	0.209109098588481	0.0142036864807247
WhiB_and_WhiB-type_regulatory_proteins_	0.0140494760173113	0.0140494760173113	0.0140494760173113	0.0142036864807247	0.0140494760173113	0.0140494760173113	0.0142036864807247	0.0111181458944935	0.0159845704499715	0.160512331030894	0.0144816151879322	0.0146709962372866	0.0159845704499715	0.0200998768823298	0.0144816151879322	0.190523369950558	0	0.0147947497227448	0.0147947497227448	0.0159845704499715	0.0159845704499715	0	0.0182482326002883	0.0182482326002883	0	0.0205644460889909	0.0142036864807247	0.0144816151879322	0.0140494760173113	0.337981720019661
Widespread_colonization_island	0.0140494760173113	0.0140494760173113	0.216374011948093	0.0142036864807247	0.0140494760173113	0.0140494760173113	0.0142036864807247	0.0111181458944935	0.0159845704499715	0.0171413951587781	0.0144816151879322	0.0146709962372866	0.0159845704499715	0.0200998768823298	0.0144816151879322	0.0147947497227448	0	0.0147947497227448	0.0147947497227448	0.0159845704499715	0.0159845704499715	0	0.0182482326002883	0.0182482326002883	0	0.0205644460889909	0.0142036864807247	0.0144816151879322	0.0140494760173113	0.0142036864807247
Xylose_utilization	0.302190689663629	0.0140494760173113	0.232945438232381	0.0142036864807247	0.0140494760173113	0.0140494760173113	0.0142036864807247	0.0111181458944935	0.0159845704499715	0.0171413951587781	0.0144816151879322	0.0146709962372866	0.0159845704499715	0.0200998768823298	0.0144816151879322	0.0147947497227448	0	0.0147947497227448	0.0147947497227448	0.0159845704499715	0.0159845704499715	0	0.0182482326002883	0.0182482326002883	0	0.0205644460889909	0.0142036864807247	0.0144816151879322	0.297430996516412	0.0142036864807247
Ycd_cluster_(_putative_2-hydroxyacid_dehydrogenase_)	0.0140494760173113	0.0140494760173113	0.0140494760173113	0.0142036864807247	0.0140494760173113	0.0140494760173113	0.0142036864807247	0.0111181458944935	0.0159845704499715	0.0171413951587781	0.0144816151879322	0.0146709962372866	0.0159845704499715	0.0200998768823298	0.0144816151879322	0.0147947497227448	0.386070207432688	0.0147947497227448	0.0147947497227448	0.0159845704499715	0.0159845704499715	0.260915864941999	0.0182482326002883	0.0182482326002883	0.244944698338669	0.0205644460889909	0.0142036864807247	0.0144816151879322	0.0140494760173113	0.0142036864807247
Yfa_cluster	0.0140494760173113	0.0140494760173113	0.0140494760173113	0.0142036864807247	0.0140494760173113	0.0140494760173113	0.0142036864807247	0.0111181458944935	0.0159845704499715	0.0171413951587781	0.0144816151879322	0.0146709962372866	0.0159845704499715	0.0200998768823298	0.0144816151879322	0.0147947497227448	0.441983116531003	0.0147947497227448	0.0147947497227448	0.0159845704499715	0.0159845704499715	0.270774998815594	0.0182482326002883	0.0182482326002883	0	0.0205644460889909	0.0142036864807247	0.0144816151879322	0.0140494760173113	0.0142036864807247
YjbEFGH_Locus_Involved_in_Exopolysaccharide_Production	0.0140494760173113	0.0140494760173113	0.0140494760173113	0.0142036864807247	0.0140494760173113	0.0140494760173113	0.0142036864807247	0.0111181458944935	0.0159845704499715	0.0171413951587781	0.0144816151879322	0.0146709962372866	0.0159845704499715	0.0200998768823298	0.0144816151879322	0.0147947497227448	0.408952182069127	0.0147947497227448	0.0147947497227448	0.0159845704499715	0.0159845704499715	0.294452537436736	0.0182482326002883	0.0182482326002883	0.205407167531029	0.0205644460889909	0.0142036864807247	0.0144816151879322	0.0140494760173113	0.0142036864807247
Zinc_resistance	0.0140494760173113	0.0140494760173113	0.0140494760173113	0.0142036864807247	0.0140494760173113	0.0140494760173113	0.0142036864807247	0.0111181458944935	0.0159845704499715	0.0171413951587781	0.0144816151879322	0.0146709962372866	0.0159845704499715	0.0200998768823298	0.0144816151879322	0.0147947497227448	0	0.0147947497227448	0.0147947497227448	0.0159845704499715	0.0159845704499715	0	0.0182482326002883	0.0182482326002883	0.19682013446294	0.0205644460889909	0.0142036864807247	0.0144816151879322	0.0140494760173113	0.0142036864807247
